0001240940352570104202610    0000144178770000000
0001243641152570104202610    0000055000000000000
0001244130252570104202610    0000054298830000000
0001244190152570104202610    0000035000000000000
0001244451152570104202610    0000085000000000000
0001688320452570104202610    0000055000000000000
0001718730852570104202610    0000085000000000000
0001719150752570104202610    0000055000000000000
0001719170352570104202610    0000055000000000000
0001719271152570104202610    0000110000000000000
0001721200852570104202610    0000110000000000000
0001721280352570104202610    0000085000000000000
0001721680252570104202610    0000055000000000000
0001721691152570104202610    0000055000000000000
0001721850252570104202610    0000055000000000000
0001721873252570104202610    0000055000000000000
0001721874752570104202610    0000035000000000000
0001721879252570104202610    0000055000000000000
0001721881752570104202610    0000055000000000000
0001721882452570104202610    0000035000000000000
0001721882552570104202610    0000055000000000000
0001721882852570104202610    0000085000000000000
0001721884352570104202610    0000055000000000000
0001721884752570104202610    0000001566440000000
0001721885952570104202610    0000055000000000000
0001721886252570104202610    0000110000000000000
0001721886752570104202610    0000055000000000000
0001721887752570104202610    0000055000000000000
0001721889352570104202610    0000035000000000000
0001721892252570104202610    0000055000000000000
0001721894452570104202610    0000085000000000000
0001721894752570104202610    0000003017000000000
0001721894952570104202610    0000035000000000000
0001721897052570104202610    0000143871150000000
0001721897252570104202610    0000035000000000000
0001721899152570104202610    0000055000000000000
0001721902652570104202610    0000035000000000000
0001721905752570104202610    0000035000000000000
0001721911552570104202610    0000035000000000000
0001721912552570104202610    0000035000000000000
0001721912652570104202610    0000143986510000000
0001721913752570104202610    0000035000000000000
0001721915252570104202610    0000055000000000000
0001721916952570104202610    0000035000000000000
0001721917952570104202610    0000035000000000000
0001721920152570104202610    0000035000000000000
0001721921852570104202610    0000227323500000000
0001721922652570104202610    0000252398770000000
0001721923952570104202610    0000144236450000000
0001721928452570104202610    0000035000000000000
0001721930152570104202610    0000055000000000000
0001721930952570104202610    0000055000000000000
0001721932252570104202610    0000085000000000000
0001721932352570104202610    0000055000000000000
0001721933452570104202610    0000055000000000000
0001721936452570104202610    0000085000000000000
0001721941552570104202610    0000085000000000000
0001721941652570104202610    0000035000000000000
0001721941752570104202610    0000085000000000000
0001721941852570104202610    0000055000000000000
0001721941952570104202610    0000054970650000000
0001721942052570104202610    0000144178770000000
0001721944052570104202610    0000035000000000000
0001721947252570104202610    0000085000000000000
0001721947352570104202610    0000085000000000000
0001721947852570104202610    0000055000000000000
0001721949252570104202610    0000055000000000000
0001721951352570104202610    0000035000000000000
0001721951752570104202610    0000055000000000000
0001721956652570104202610    0000085000000000000
0001721956752570104202610    0000144236450000000
0001721957152570104202610    0000035000000000000
0001721959052570104202610    0000035000000000000
0001721959252570104202610    0000055000000000000
0001721961052570104202610    0000199044190000000
0001721961452570104202610    0000035000000000000
0001721964052570104202610    0000035000000000000
0001721964852570104202610    0000085000000000000
0001721964952570104202610    0000055000000000000
0001721965452570104202610    0000066443570000000
0001721966052570104202610    0000055000000000000
0001721966152570104202610    0000085000000000000
0001721966552570104202610    0000035000000000000
0001721971452570104202610    0000055000000000000
0001721971852570104202610    0000055000000000000
0001721971852570104202610    0000054469150000000
0001721972752570104202610    0000085000000000000
0001721976352570104202610    0000085000000000000
0001721978352570104202610    0000035000000000000
0001721978852570104202610    0000055000000000000
0001721978952570104202610    0000252398770000000
0001721979852570104202610    0000035000000000000
0001721980052570104202610    0000035000000000000
0001721980152570104202610    0000069805430000000
0001721980752570104202610    0000144178770000000
0001721982252570104202610    0000055000000000000
0001721983052570104202610    0000085000000000000
0001721984052570104202610    0000035000000000000
0001721984352570104202610    0000055000000000000
0001721985452570104202610    0000085000000000000
0001721990152570104202610    0000055000000000000
0001721990652570104202610    0000055000000000000
0001721991152570104202610    0000090000000000000
0001721992452570104202610    0000055000000000000
0001721993752570104202610    0000055000000000000
0001721995152570104202610    0000035000000000000
0001721995552570104202610    0000035000000000000
0001721995952570104202610    0000001632560000000
0001721996052570104202610    0000085000000000000
0001721996252570104202610    0000055000000000000
0001721998252570104202610    0000055000000000000
0001721999752570104202610    0000055000000000000
0001721999952570104202610    0000035000000000000
0001722001852570104202610    0000055000000000000
0001722002352570104202610    0000055000000000000
0001722003252570104202610    0000035000000000000
0001722004852570104202610    0000035000000000000
0001722009152570104202610    0000144236450000000
0001722009752570104202610    0000055000000000000
0001722011252570104202610    0000055000000000000
0001722015452570104202610    0000144178770000000
0001722015652570104202610    0000035000000000000
0001722017052570104202610    0000177939250000000
0001722017252570104202610    0000055000000000000
0001722018052570104202610    0000055000000000000
0001722018152570104202610    0000055000000000000
0001722018452570104202610    0000069070560000000
0001722023052570104202610    0000035000000000000
0001722024352570104202610    0000055000000000000
0001722028452570104202610    0000144044190000000
0001722029852570104202610    0000085000000000000
0001722034552570104202610    0000085000000000000
0001722035352570104202610    0000143986510000000
0001722037352570104202610    0000055000000000000
0001722038152570104202610    0000055000000000000
0001722038452570104202610    0000252398770000000
0001722039752570104202610    0000055000000000000
0001722040852570104202610    0000085000000000000
0001722045052570104202610    0000252398770000000
0001722049652570104202610    0000055000000000000
0001722051252570104202610    0000085000000000000
0001722051452570104202610    0000055000000000000
0001722052052570104202610    0000252398770000000
0001722054152570104202610    0000035000000000000
0001722060652570104202610    0000144044190000000
0001722061052570104202610    0000144178770000000
0001722061352570104202610    0000085000000000000
0001722062052570104202610    0000055000000000000
0001722062852570104202610    0000250899900000000
0001722062952570104202610    0000035000000000000
0001722063452570104202610    0000085000000000000
0001722065352570104202610    0000035000000000000
0001722066252570104202610    0000252398770000000
0001722067952570104202610    0000055000000000000
0001722069052570104202610    0000085000000000000
0001722069452570104202610    0000055000000000000
0001722069552570104202610    0000140000000000000
0001722070552570104202610    0000085000000000000
0001722071152570104202610    0000085000000000000
0001722072652570104202610    0000110000000000000
0001722074652570104202610    0000055000000000000
0001722077752570104202610    0000055000000000000
0001722078152570104202610    0000143871150000000
0001722078552570104202610    0000082500000000000
0001722078752570104202610    0000085000000000000
0001722081652570104202610    0000055000000000000
0001722086252570104202610    0000055000000000000
0001722087252570104202610    0000035000000000000
0001722091152570104202610    0000143986510000000
0001722095852570104202610    0000055000000000000
0001722098052570104202610    0000143871150000000
0001722104052570104202610    0000055000000000000
0001722104952570104202610    0000144236450000000
0001722105452570104202610    0000143871150000000
0001722106552570104202610    0000035000000000000
0001722107652570104202610    0000055000000000000
0001722107952570104202610    0000085000000000000
0001722108552570104202610    0000055000000000000
0001722108652570104202610    0000055000000000000
0001722108752570104202610    0000055000000000000
0001722111452570104202610    0000055689780000000
0001722114252570104202610    0000123750000000000
0001722116052570104202610    0000144044190000000
0001722116952570104202610    0000085000000000000
0001722117552570104202610    0000055000000000000
0001722118352570104202610    0000085000000000000
0001722119152570104202610    0000143871150000000
0001722120152570104202610    0000035000000000000
0001722121952570104202610    0000085000000000000
0001722127052570104202610    0000035000000000000
0001722130052570104202610    0000143871150000000
0001722132852570104202610    0000252398770000000
0001722134952570104202610    0000085000000000000
0001722135852570104202610    0000054010240000000
0001722141352570104202610    0000055000000000000
0001722143952570104202610    0000327502400000000
0001722145852570104202610    0000055000000000000
0001722146952570104202610    0000085000000000000
0001722154452570104202610    0000085000000000000
0001722156152570104202610    0000035000000000000
0001722156752570104202610    0000085000000000000
0001722165352570104202610    0000085000000000000
0001722166652570104202610    0000055000000000000
0001722166652570104202610    0000055000000000000
0001722168752570104202610    0000085000000000000
0001722169452570104202610    0000085000000000000
0001722170752570104202610    0000054010240000000
0001722172752570104202610    0000229044190000000
0001722176052570104202610    0000035000000000000
0001722181052570104202610    0000167849670000000
0001722183152570104202610    0000143871150000000
0001722206752570104202610    0000252398770000000
0001722211152570104202610    0000035000000000000
0001722212052570104202610    0000055000000000000
0001722214652570104202610    0000144044190000000
0001722214852570104202610    0000085000000000000
0001722223752570104202610    0000055000000000000
0000348010552570104202610    0000035000000000000
0000348121152570104202610    0000035000000000000
0000348540652570104202610    0000055000000000000
0000349220452570104202610    0000055000000000000
0000650470152570104202610    0000035000000000000
0000650901152570104202610    0000144178770000000
0000656310352570104202610    0000055000000000000
0000656560952570104202610    0000087085360000000
0000656570752570104202610    0000035000000000000
0000656910752570104202610    0000085000000000000
0000657040252570104202610    0000035000000000000
0000658031152570104202610    0000085000000000000
0000658860352570104202610    0000035000000000000
0000659040552570104202610    0000110000000000000
0000650400452570104202610    0000035000000000000
0001721983852570104202610    0000035000000000000
0001244880452570104202610    0000035000000000000
0001721979552570104202610    0000035000000000000
0001722062352570104202610    0000055000000000000
0001721983452570104202610    0000055000000000000
0001721925452570104202610    0000055000000000000
0001722072452570104202610    0000085000000000000
0001722128852570104202610    0000085000000000000
0001722242352570104202610    0000085000000000000
0000657130152570104202610    0000330756000000000
0001722161152570104202610    0000329769000000000
0001722120952570104202610    0000335979000000000
0001722238452570104202610    0000352923000000000
0001721987152570104202610    0000386952000000000
0001722065952570104202610    0000294111400000000
0001722256752570104202610    0000401061000000000
