00010037C202510131EMPRESA000017821741890000249                                                                                                                                                                                                                                                                                                                
037000025198              00070042900030004020099957CUOTAIPV2026050100000007005000000000000000000000000000000000000000000000000   000000000000000                      0000000000000000000000000000000000000000                                                                                                                                        
037000025071              00070079500030004061196437CUOTAIPV2025120100000003505000000000000000000000000000000000000000000000000   000000000000000                      0000000000000000000000000000000000000000                                                                                                                                        
037000029036              00070143900030004007788720CUOTAIPV2034110100000005443399000000000000000000000000000000000000000000000   000000000000000                      0000000000000000000000000000000000000000                                                                                                                                        
037000029152              00070143900030004007865481CUOTAIPV2041110100000007006555000000000000000000000000000000000000000000000   000000000000000                      0000000000000000000000000000000000000000                                                                                                                                        
037000027671              00070143900030004008436079CUOTAIPV2026010100000008505000000000000000000000000000000000000000000000000   000000000000000                      0000000000000000000000000000000000000000                                                                                                                                        
037000026080              00070143900030004009122739CUOTAIPV2026010100000005505000000000000000000000000000000000000000000000000   000000000000000                      0000000000000000000000000000000000000000                                                                                                                                        
037000022283              00070143900030004009306856CUOTAIPV2042010100000003505000000000000000000000000000000000000000000000000   000000000000000                      0000000000000000000000000000000000000000                                                                                                                                        
037000022248              00070143900030004012247559CUOTAIPV2026080100000003505000000000000000000000000000000000000000000000000   000000000000000                      0000000000000000000000000000000000000000                                                                                                                                        
037000026074              00070143900030004012345598CUOTAIPV2025120100000005505000000000000000000000000000000000000000000000000   000000000000000                      0000000000000000000000000000000000000000                                                                                                                                        
037000029369              00070143900030004012400121CUOTAIPV2067010100000014428645000000000000000000000000000000000000000000000   000000000000000                      0000000000000000000000000000000000000000                                                                                                                                        
037000022482              00070143900030004012623317CUOTAIPV2042010100000003505000000000000000000000000000000000000000000000000   000000000000000                      0000000000000000000000000000000000000000                                                                                                                                        
037000025295              00070143900030004013145883CUOTAIPV2026020100000003505000000000000000000000000000000000000000000000000   000000000000000                      0000000000000000000000000000000000000000                                                                                                                                        
037000019268              00070143900030004013292640CUOTAIPV2025110100000000165934000000000000000000000000000000000000000000000   000000000000000                      0000000000000000000000000000000000000000                                                                                                                                        
037000028898              00070143900030004013348503CUOTAIPV2067020100000014422877000000000000000000000000000000000000000000000   000000000000000                      0000000000000000000000000000000000000000                                                                                                                                        
037000027801              00070143900030004013385119CUOTAIPV2035050100000008505000000000000000000000000000000000000000000000000   000000000000000                      0000000000000000000000000000000000000000                                                                                                                                        
037000027284              00070143900030004014000701CUOTAIPV2025120100000005505000000000000000000000000000000000000000000000000   000000000000000                      0000000000000000000000000000000000000000                                                                                                                                        
037000026070              00070143900030004014617118CUOTAIPV2026030100000005505000000000000000000000000000000000000000000000000   000000000000000                      0000000000000000000000000000000000000000                                                                                                                                        
037000025861              00070143900030004014621845CUOTAIPV2026030100000005505000000000000000000000000000000000000000000000000   000000000000000                      0000000000000000000000000000000000000000                                                                                                                                        
037000025821              00070143900030004016376781CUOTAIPV2026080100000007338333000000000000000000000000000000000000000000000   000000000000000                      0000000000000000000000000000000000000000                                                                                                                                        
037000019002              00070143900030004017150601CUOTAIPV2025100100000000250905000000000000000000000000000000000000000000000   000000000000000                      0000000000000000000000000000000000000000                                                                                                                                        
037000023378              00070143900030004017662115CUOTAIPV2035050100000003505000000000000000000000000000000000000000000000000   000000000000000                      0000000000000000000000000000000000000000                                                                                                                                        
037000022550              00070143900030004018938332CUOTAIPV2026090100000003505000000000000000000000000000000000000000000000000   000000000000000                      0000000000000000000000000000000000000000                                                                                                                                        
037000024760              00070143900030004019038161CUOTAIPV2026030100000003505000000000000000000000000000000000000000000000000   000000000000000                      0000000000000000000000000000000000000000                                                                                                                                        
037000024608              00070143900030004020084043CUOTAIPV2035050100000003505000000000000000000000000000000000000000000000000   000000000000000                      0000000000000000000000000000000000000000                                                                                                                                        
037000026803              00070143900030004020448148CUOTAIPV2026010100000005505000000000000000000000000000000000000000000000000   000000000000000                      0000000000000000000000000000000000000000                                                                                                                                        
037000026966              00070143900030004020779916CUOTAIPV2026030100000005505000000000000000000000000000000000000000000000000   000000000000000                      0000000000000000000000000000000000000000                                                                                                                                        
037000026066              00070143900030004021449386CUOTAIPV2026030100000005505000000000000000000000000000000000000000000000000   000000000000000                      0000000000000000000000000000000000000000                                                                                                                                        
037000022445              00070143900030004021603890CUOTAIPV2037030100000003505000000000000000000000000000000000000000000000000   000000000000000                      0000000000000000000000000000000000000000                                                                                                                                        
037000026348              00070143900030004021826178CUOTAIPV2030020100000005505000000000000000000000000000000000000000000000000   000000000000000                      0000000000000000000000000000000000000000                                                                                                                                        
037000022054              00070143900030004021827812CUOTAIPV2026010100000003505000000000000000000000000000000000000000000000000   000000000000000                      0000000000000000000000000000000000000000                                                                                                                                        
037000025515              00070143900030004021920757CUOTAIPV2026030100000003505000000000000000000000000000000000000000000000000   000000000000000                      0000000000000000000000000000000000000000                                                                                                                                        
037000029359              00070143900030004021977074CUOTAIPV2053090100000014392115000000000000000000000000000000000000000000000   000000000000000                      0000000000000000000000000000000000000000                                                                                                                                        
037000025200              00070143900030004021981923CUOTAIPV2027070100000003505000000000000000000000000000000000000000000000000   000000000000000                      0000000000000000000000000000000000000000                                                                                                                                        
037000023819              00070143900030004021988689CUOTAIPV2026050100000004963333000000000000000000000000000000000000000000000   000000000000000                      0000000000000000000000000000000000000000                                                                                                                                        
037000024004              00070143900030004022002702CUOTAIPV2026020100000003505000000000000000000000000000000000000000000000000   000000000000000                      0000000000000000000000000000000000000000                                                                                                                                        
037000026575              00070143900030004022009468CUOTAIPV2026010100000005505000000000000000000000000000000000000000000000000   000000000000000                      0000000000000000000000000000000000000000                                                                                                                                        
037000025948              00070143900030004022012482CUOTAIPV2026030100000005505000000000000000000000000000000000000000000000000   000000000000000                      0000000000000000000000000000000000000000                                                                                                                                        
037000025832              00070143900030004022206272CUOTAIPV2026010100000005505000000000000000000000000000000000000000000000000   000000000000000                      0000000000000000000000000000000000000000                                                                                                                                        
037000026628              00070143900030004022256932CUOTAIPV2026010100000005505000000000000000000000000000000000000000000000000   000000000000000                      0000000000000000000000000000000000000000                                                                                                                                        
037000025527              00070143900030004022392191CUOTAIPV2037030100000003505000000000000000000000000000000000000000000000000   000000000000000                      0000000000000000000000000000000000000000                                                                                                                                        
037000024575              00070143900030004022463419CUOTAIPV2025120100000003505000000000000000000000000000000000000000000000000   000000000000000                      0000000000000000000000000000000000000000                                                                                                                                        
037000023820              00070143900030004022718861CUOTAIPV2037040100000003505000000000000000000000000000000000000000000000000   000000000000000                      0000000000000000000000000000000000000000                                                                                                                                        
037000026529              00070143900030004023482639CUOTAIPV2026010100000005505000000000000000000000000000000000000000000000000   000000000000000                      0000000000000000000000000000000000000000                                                                                                                                        
037000029148              00070143900030004023626868CUOTAIPV2067020100000014422877000000000000000000000000000000000000000000000   000000000000000                      0000000000000000000000000000000000000000                                                                                                                                        
037000023797              00070143900030004023966689CUOTAIPV2026020100000003505000000000000000000000000000000000000000000000000   000000000000000                      0000000000000000000000000000000000000000                                                                                                                                        
037000028959              00070143900030004024019252CUOTAIPV2066100100000014428645000000000000000000000000000000000000000000000   000000000000000                      0000000000000000000000000000000000000000                                                                                                                                        
037000026321              00070143900030004024862238CUOTAIPV2030020100000005505000000000000000000000000000000000000000000000000   000000000000000                      0000000000000000000000000000000000000000                                                                                                                                        
037000025171              00070143900030004025771078CUOTAIPV2026010100000003505000000000000000000000000000000000000000000000000   000000000000000                      0000000000000000000000000000000000000000                                                                                                                                        
037000019518              00070143900030004026097580CUOTAIPV2025100100000000334554000000000000000000000000000000000000000000000   000000000000000                      0000000000000000000000000000000000000000                                                                                                                                        
037000028441              00070143900030004026535712CUOTAIPV2026020100000008505000000000000000000000000000000000000000000000000   000000000000000                      0000000000000000000000000000000000000000                                                                                                                                        
037000028271              00070143900030004029371779CUOTAIPV2025100100000012046667000000000000000000000000000000000000000000000   000000000000000                      0000000000000000000000000000000000000000                                                                                                                                        
037000026738              00070143900030004029385796CUOTAIPV2026010100000005505000000000000000000000000000000000000000000000000   000000000000000                      0000000000000000000000000000000000000000                                                                                                                                        
037000023640              00070143900030004029451934CUOTAIPV2035050100000003505000000000000000000000000000000000000000000000000   000000000000000                      0000000000000000000000000000000000000000                                                                                                                                        
037000023789              00070143900030004031375093CUOTAIPV2026030100000003505000000000000000000000000000000000000000000000000   000000000000000                      0000000000000000000000000000000000000000                                                                                                                                        
037000027825              00070143900030004031697030CUOTAIPV2025100100000012755000000000000000000000000000000000000000000000000   000000000000000                      0000000000000000000000000000000000000000                                                                                                                                        
037000027617              00070143900030004031721711CUOTAIPV2026020100000005505000000000000000000000000000000000000000000000000   000000000000000                      0000000000000000000000000000000000000000                                                                                                                                        
037000025748              00070143900030004032169952CUOTAIPV2026010100000005505000000000000000000000000000000000000000000000000   000000000000000                      0000000000000000000000000000000000000000                                                                                                                                        
037000022474              00070143900030004032239345CUOTAIPV2025120100000003505000000000000000000000000000000000000000000000000   000000000000000                      0000000000000000000000000000000000000000                                                                                                                                        
037000025709              00070143900030004034918644CUOTAIPV2025110100000005505000000000000000000000000000000000000000000000000   000000000000000                      0000000000000000000000000000000000000000                                                                                                                                        
037000028958              00070143900030004036420712CUOTAIPV2067010100000014403651000000000000000000000000000000000000000000000   000000000000000                      0000000000000000000000000000000000000000                                                                                                                                        
037000025468              00070143900030004036433989CUOTAIPV2026010100000003505000000000000000000000000000000000000000000000000   000000000000000                      0000000000000000000000000000000000000000                                                                                                                                        
037000028991              00070143900030004038710185CUOTAIPV2066100100000014428645000000000000000000000000000000000000000000000   000000000000000                      0000000000000000000000000000000000000000                                                                                                                                        
037000022413              00070143900030004038755153CUOTAIPV2045060100000003505000000000000000000000000000000000000000000000000   000000000000000                      0000000000000000000000000000000000000000                                                                                                                                        
037000027537              00070143900030004039840306CUOTAIPV2026020100000005505000000000000000000000000000000000000000000000000   000000000000000                      0000000000000000000000000000000000000000                                                                                                                                        
037000028284              00070143900030004040148105CUOTAIPV2026010100000014171667000000000000000000000000000000000000000000000   000000000000000                      0000000000000000000000000000000000000000                                                                                                                                        
037000029695              00070143900030004041071369CUOTAIPV2040080100000005406497000000000000000000000000000000000000000000000   000000000000000                      0000000000000000000000000000000000000000                                                                                                                                        
037000026426              00070143900030004041086112CUOTAIPV2026020100000005505000000000000000000000000000000000000000000000000   000000000000000                      0000000000000000000000000000000000000000                                                                                                                                        
037000023916              00070143900030004041087160CUOTAIPV2026030100000003505000000000000000000000000000000000000000000000000   000000000000000                      0000000000000000000000000000000000000000                                                                                                                                        
037000029127              00070143900030004041088897CUOTAIPV2053060100000014392115000000000000000000000000000000000000000000000   000000000000000                      0000000000000000000000000000000000000000                                                                                                                                        
037000029701              00070143900030004042688157CUOTAIPV2042050100000007409172000000000000000000000000000000000000000000000   000000000000000                      0000000000000000000000000000000000000000                                                                                                                                        
037000029387              00070143900030004045807485CUOTAIPV2067010100000014428645000000000000000000000000000000000000000000000   000000000000000                      0000000000000000000000000000000000000000                                                                                                                                        
037000029012              00070143900030004046671960CUOTAIPV2032070100000005443873000000000000000000000000000000000000000000000   000000000000000                      0000000000000000000000000000000000000000                                                                                                                                        
037000026739              00070143900030004048688403CUOTAIPV2037020100000005505000000000000000000000000000000000000000000000000   000000000000000                      0000000000000000000000000000000000000000                                                                                                                                        
037000028876              00070143900030004049045865CUOTAIPV2041100100000022759361000000000000000000000000000000000000000000000   000000000000000                      0000000000000000000000000000000000000000                                                                                                                                        
037000029381              00070143900030004049072579CUOTAIPV2067050100000014422877000000000000000000000000000000000000000000000   000000000000000                      0000000000000000000000000000000000000000                                                                                                                                        
037000029074              00070143900030004051092091CUOTAIPV2026030100000014422877000000000000000000000000000000000000000000000   000000000000000                      0000000000000000000000000000000000000000                                                                                                                                        
037000028124              00070143900030004053481130CUOTAIPV2026080100000012046667000000000000000000000000000000000000000000000   000000000000000                      0000000000000000000000000000000000000000                                                                                                                                        
037000025174              00070143900030004059571321CUOTAIPV2026040100000005255000000000000000000000000000000000000000000000000   000000000000000                      0000000000000000000000000000000000000000                                                                                                                                        
037000029613              00070143900030004062293113CUOTAIPV2049050100000005415486000000000000000000000000000000000000000000000   000000000000000                      0000000000000000000000000000000000000000                                                                                                                                        
037000024413              00070143900030004062426812CUOTAIPV2026080100000009630000000000000000000000000000000000000000000000000   000000000000000                      0000000000000000000000000000000000000000                                                                                                                                        
037000025291              00070143900030004065510466CUOTAIPV2026080100000003505000000000000000000000000000000000000000000000000   000000000000000                      0000000000000000000000000000000000000000                                                                                                                                        
037000028270              00070143900030004889950970CUOTAIPV2026010100000008505000000000000000000000000000000000000000000000000   000000000000000                      0000000000000000000000000000000000000000                                                                                                                                        
037000024039              00070143900030004892879712CUOTAIPV2025100100000003505000000000000000000000000000000000000000000000000   000000000000000                      0000000000000000000000000000000000000000                                                                                                                                        
037000028979              00070143900030004895217586CUOTAIPV2033030100000005411228000000000000000000000000000000000000000000000   000000000000000                      0000000000000000000000000000000000000000                                                                                                                                        
037000027586              00070143900030004895458525CUOTAIPV2026010100000005505000000000000000000000000000000000000000000000000   000000000000000                      0000000000000000000000000000000000000000                                                                                                                                        
037000029704              00170043500040000007335697CUOTAIPV2042050100000005719223000000000000000000000000000000000000000000000   000000000000000                      0000000000000000000000000000000000000000                                                                                                                                        
037000023086              00170084800040000053162382CUOTAIPV2026010100000003505000000000000000000000000000000000000000000000000   000000000000000                      0000000000000000000000000000000000000000                                                                                                                                        
037000029194              00170223300040000030271087CUOTAIPV2063070100000021703745000000000000000000000000000000000000000000000   000000000000000                      0000000000000000000000000000000000000000                                                                                                                                        
037000028218              00170266000040000000814656CUOTAIPV2025120100000008505000000000000000000000000000000000000000000000000   000000000000000                      0000000000000000000000000000000000000000                                                                                                                                        
037000026424              00170266000040000001830860CUOTAIPV2026010100000005505000000000000000000000000000000000000000000000000   000000000000000                      0000000000000000000000000000000000000000                                                                                                                                        
037000023624              00170266000040000002037956CUOTAIPV2026060100000003505000000000000000000000000000000000000000000000000   000000000000000                      0000000000000000000000000000000000000000                                                                                                                                        
037000024720              00170266000040000002155010CUOTAIPV2025110100000003505000000000000000000000000000000000000000000000000   000000000000000                      0000000000000000000000000000000000000000                                                                                                                                        
037000028776              00170266000040000002221760CUOTAIPV2041080100000006857525000000000000000000000000000000000000000000000   000000000000000                      0000000000000000000000000000000000000000                                                                                                                                        
037000026617              00170266000040000002480842CUOTAIPV2037040100000005505000000000000000000000000000000000000000000000000   000000000000000                      0000000000000000000000000000000000000000                                                                                                                                        
037000028352              00170266000040000002667838CUOTAIPV2026010100000008505000000000000000000000000000000000000000000000000   000000000000000                      0000000000000000000000000000000000000000                                                                                                                                        
037000023781              00170266000040000002784524CUOTAIPV2027040100000003505000000000000000000000000000000000000000000000000   000000000000000                      0000000000000000000000000000000000000000                                                                                                                                        
037000024354              00170266000040000002852188CUOTAIPV2026060100000003505000000000000000000000000000000000000000000000000   000000000000000                      0000000000000000000000000000000000000000                                                                                                                                        
037000020490              00170266000040000002923710CUOTAIPV2025120100000000169334000000000000000000000000000000000000000000000   000000000000000                      0000000000000000000000000000000000000000                                                                                                                                        
037000027706              00170266000040000003510292CUOTAIPV2026010100000008505000000000000000000000000000000000000000000000000   000000000000000                      0000000000000000000000000000000000000000                                                                                                                                        
037000025294              00170266000040000003511110CUOTAIPV2026050100000003505000000000000000000000000000000000000000000000000   000000000000000                      0000000000000000000000000000000000000000                                                                                                                                        
037000026346              00170266000040000003512106CUOTAIPV2026020100000005505000000000000000000000000000000000000000000000000   000000000000000                      0000000000000000000000000000000000000000                                                                                                                                        
037000026356              00170266000040000003529610CUOTAIPV2025120100000005505000000000000000000000000000000000000000000000000   000000000000000                      0000000000000000000000000000000000000000                                                                                                                                        
037000025895              00170266000040000003544624CUOTAIPV2037020100000005505000000000000000000000000000000000000000000000000   000000000000000                      0000000000000000000000000000000000000000                                                                                                                                        
037000022491              00170266000040000003604924CUOTAIPV2026030100000003505000000000000000000000000000000000000000000000000   000000000000000                      0000000000000000000000000000000000000000                                                                                                                                        
037000029335              00170266000040000003869110CUOTAIPV2067050100000014409419000000000000000000000000000000000000000000000   000000000000000                      0000000000000000000000000000000000000000                                                                                                                                        
037000023982              00170266000040000004266606CUOTAIPV2030090100000003505000000000000000000000000000000000000000000000000   000000000000000                      0000000000000000000000000000000000000000                                                                                                                                        
037000023980              00170266000040000004646824CUOTAIPV2028120100000003505000000000000000000000000000000000000000000000000   000000000000000                      0000000000000000000000000000000000000000                                                                                                                                        
037000027233              00170266000040000004708960CUOTAIPV2025120100000005505000000000000000000000000000000000000000000000000   000000000000000                      0000000000000000000000000000000000000000                                                                                                                                        
037000029637              00170266000040000004853660CUOTAIPV2042040100000006275600000000000000000000000000000000000000000000000   000000000000000                      0000000000000000000000000000000000000000                                                                                                                                        
037000024403              00170266000040000005010738CUOTAIPV2026010100000003505000000000000000000000000000000000000000000000000   000000000000000                      0000000000000000000000000000000000000000                                                                                                                                        
037000023272              00170266000040000005113642CUOTAIPV2026040100000003505000000000000000000000000000000000000000000000000   000000000000000                      0000000000000000000000000000000000000000                                                                                                                                        
037000024788              00170266000040000005154106CUOTAIPV2026020100000003505000000000000000000000000000000000000000000000000   000000000000000                      0000000000000000000000000000000000000000                                                                                                                                        
037000026017              00170266000040000005171710CUOTAIPV2026080100000005505000000000000000000000000000000000000000000000000   000000000000000                      0000000000000000000000000000000000000000                                                                                                                                        
037000025391              00170266000040000005184574CUOTAIPV2037030100000003505000000000000000000000000000000000000000000000000   000000000000000                      0000000000000000000000000000000000000000                                                                                                                                        
037000029495              00170266000040000005194056CUOTAIPV2067060100000014409419000000000000000000000000000000000000000000000   000000000000000                      0000000000000000000000000000000000000000                                                                                                                                        
037000029103              00170266000040000005194742CUOTAIPV2041100100000006939373000000000000000000000000000000000000000000000   000000000000000                      0000000000000000000000000000000000000000                                                                                                                                        
037000022999              00170266000040000005238042CUOTAIPV2026030100000003505000000000000000000000000000000000000000000000000   000000000000000                      0000000000000000000000000000000000000000                                                                                                                                        
037000022989              00170266000040000005269642CUOTAIPV2025100100000003505000000000000000000000000000000000000000000000000   000000000000000                      0000000000000000000000000000000000000000                                                                                                                                        
037000027805              00170266000040000005415724CUOTAIPV2026020100000008505000000000000000000000000000000000000000000000000   000000000000000                      0000000000000000000000000000000000000000                                                                                                                                        
037000025813              00170266000040000005428410CUOTAIPV2025120100000005505000000000000000000000000000000000000000000000000   000000000000000                      0000000000000000000000000000000000000000                                                                                                                                        
037000029615              00170266000040000005774438CUOTAIPV2032090100000005462324000000000000000000000000000000000000000000000   000000000000000                      0000000000000000000000000000000000000000                                                                                                                                        
037000024070              00170266000040000005830910CUOTAIPV2026010100000003505000000000000000000000000000000000000000000000000   000000000000000                      0000000000000000000000000000000000000000                                                                                                                                        
037000027501              00170266000040000006100092CUOTAIPV2026010100000005505000000000000000000000000000000000000000000000000   000000000000000                      0000000000000000000000000000000000000000                                                                                                                                        
037000026120              00170266000040000006371706CUOTAIPV2025110100000006421667000000000000000000000000000000000000000000000   000000000000000                      0000000000000000000000000000000000000000                                                                                                                                        
037000027573              00170266000040000006569956CUOTAIPV2025110100000005505000000000000000000000000000000000000000000000000   000000000000000                      0000000000000000000000000000000000000000                                                                                                                                        
037000028423              00170266000040000006746010CUOTAIPV2026010100000008505000000000000000000000000000000000000000000000000   000000000000000                      0000000000000000000000000000000000000000                                                                                                                                        
037000028699              00170266000040000007071810CUOTAIPV2027090100000005416432000000000000000000000000000000000000000000000   000000000000000                      0000000000000000000000000000000000000000                                                                                                                                        
037000026592              00170266000040000007086588CUOTAIPV2026080100000010088333000000000000000000000000000000000000000000000   000000000000000                      0000000000000000000000000000000000000000                                                                                                                                        
037000028658              00170266000040000007185360CUOTAIPV2030100100000005442926000000000000000000000000000000000000000000000   000000000000000                      0000000000000000000000000000000000000000                                                                                                                                        
037000028774              00170266000040000007261288CUOTAIPV2041080100000005881499000000000000000000000000000000000000000000000   000000000000000                      0000000000000000000000000000000000000000                                                                                                                                        
037000029575              00170266000040000007374506CUOTAIPV2026080100000014428645000000000000000000000000000000000000000000000   000000000000000                      0000000000000000000000000000000000000000                                                                                                                                        
037000029315              00170266000040000007374742CUOTAIPV2067010100000014428645000000000000000000000000000000000000000000000   000000000000000                      0000000000000000000000000000000000000000                                                                                                                                        
037000028957              00170266000040000007388288CUOTAIPV2066100100000014428645000000000000000000000000000000000000000000000   000000000000000                      0000000000000000000000000000000000000000                                                                                                                                        
037000029498              00170266000040000007557088CUOTAIPV2067060100000014409419000000000000000000000000000000000000000000000   000000000000000                      0000000000000000000000000000000000000000                                                                                                                                        
037000028418              00170266000040000007834774CUOTAIPV2026080100000017942500000000000000000000000000000000000000000000000   000000000000000                      0000000000000000000000000000000000000000                                                                                                                                        
037000025156              00170307600040000041612718CUOTAIPV2025110100000006421667000000000000000000000000000000000000000000000   000000000000000                      0000000000000000000000000000000000000000                                                                                                                                        
037000024813              00270100000020057202800011CUOTAIPV2026050100000003505000000000000000000000000000000000000000000000000   000000000000000                      0000000000000000000000000000000000000000                                                                                                                                        
037000025404              00340210000008210031997004CUOTAIPV2025100100000003505000000000000000000000000000000000000000000000000   000000000000000                      0000000000000000000000000000000000000000                                                                                                                                        
037000026961              00340224700008218011837001CUOTAIPV2026050100000005505000000000000000000000000000000000000000000000000   000000000000000                      0000000000000000000000000000000000000000                                                                                                                                        
037000022006              00340224700008224010210008CUOTAIPV2026020100000003505000000000000000000000000000000000000000000000000   000000000000000                      0000000000000000000000000000000000000000                                                                                                                                        
037000027473              00340224700008224015735005CUOTAIPV2025110100000005505000000000000000000000000000000000000000000000000   000000000000000                      0000000000000000000000000000000000000000                                                                                                                                        
037000029490              00340224700008224016273007CUOTAIPV2067060100000014409419000000000000000000000000000000000000000000000   000000000000000                      0000000000000000000000000000000000000000                                                                                                                                        
037000029131              00340224700008224016641006CUOTAIPV2067020100000014422877000000000000000000000000000000000000000000000   000000000000000                      0000000000000000000000000000000000000000                                                                                                                                        
037000027191              00340224700008224018906006CUOTAIPV2026040100000005505000000000000000000000000000000000000000000000000   000000000000000                      0000000000000000000000000000000000000000                                                                                                                                        
037000029396              00340224700008224020980007CUOTAIPV2067010100000014428645000000000000000000000000000000000000000000000   000000000000000                      0000000000000000000000000000000000000000                                                                                                                                        
037000027430              00340224700008224021020007CUOTAIPV2026020100000005505000000000000000000000000000000000000000000000000   000000000000000                      0000000000000000000000000000000000000000                                                                                                                                        
037000028990              00340224700008224027932001CUOTAIPV2067020100000014422877000000000000000000000000000000000000000000000   000000000000000                      0000000000000000000000000000000000000000                                                                                                                                        
037000022047              00340224700008710117276004CUOTAIPV2027050100000003505000000000000000000000000000000000000000000000000   000000000000000                      0000000000000000000000000000000000000000                                                                                                                                        
037000022473              00340224700008710310362014CUOTAIPV2045060100000003505000000000000000000000000000000000000000000000000   000000000000000                      0000000000000000000000000000000000000000                                                                                                                                        
037000020301              00440003500040000162048645CUOTAIPV2025100100000000372200000000000000000000000000000000000000000000000   000000000000000                      0000000000000000000000000000000000000000                                                                                                                                        
037000025328              00440003500040000192899945CUOTAIPV2026060100000003505000000000000000000000000000000000000000000000000   000000000000000                      0000000000000000000000000000000000000000                                                                                                                                        
037000028158              00440003500040000340930955CUOTAIPV2026010100000008505000000000000000000000000000000000000000000000000   000000000000000                      0000000000000000000000000000000000000000                                                                                                                                        
037000026310              00440003500040000344464685CUOTAIPV2026010100000005505000000000000000000000000000000000000000000000000   000000000000000                      0000000000000000000000000000000000000000                                                                                                                                        
037000024748              00440003500040000370010065CUOTAIPV2025120100000007005000000000000000000000000000000000000000000000000   000000000000000                      0000000000000000000000000000000000000000                                                                                                                                        
037000028731              00720057100088000015802868CUOTAIPV2049080100000005407916000000000000000000000000000000000000000000000   000000000000000                      0000000000000000000000000000000000000000                                                                                                                                        
037000029209              00720205800088000041179518CUOTAIPV2038020100000005407916000000000000000000000000000000000000000000000   000000000000000                      0000000000000000000000000000000000000000                                                                                                                                        
037000029481              00720264500030000038647979CUOTAIPV2049040100000005415486000000000000000000000000000000000000000000000   000000000000000                      0000000000000000000000000000000000000000                                                                                                                                        
037000029362              00720264500088000000460022CUOTAIPV2067010100000014428645000000000000000000000000000000000000000000000   000000000000000                      0000000000000000000000000000000000000000                                                                                                                                        
037000029410              00720264500088000000620022CUOTAIPV2067010100000014428645000000000000000000000000000000000000000000000   000000000000000                      0000000000000000000000000000000000000000                                                                                                                                        
037000029594              00720264500088000001373390CUOTAIPV2053110100000014392115000000000000000000000000000000000000000000000   000000000000000                      0000000000000000000000000000000000000000                                                                                                                                        
037000028950              00720264500088000001494736CUOTAIPV2067020100000014422877000000000000000000000000000000000000000000000   000000000000000                      0000000000000000000000000000000000000000                                                                                                                                        
037000029703              00720264500088000001651454CUOTAIPV2036020100000005406024000000000000000000000000000000000000000000000   000000000000000                      0000000000000000000000000000000000000000                                                                                                                                        
037000028914              00720264500088000001659168CUOTAIPV2041100100000005984164000000000000000000000000000000000000000000000   000000000000000                      0000000000000000000000000000000000000000                                                                                                                                        
037000026177              00720264500088000001729568CUOTAIPV2025110100000005505000000000000000000000000000000000000000000000000   000000000000000                      0000000000000000000000000000000000000000                                                                                                                                        
037000029559              00720264500088000001734304CUOTAIPV2026080100000014422877000000000000000000000000000000000000000000000   000000000000000                      0000000000000000000000000000000000000000                                                                                                                                        
037000023664              00720264500088000001841990CUOTAIPV2026030100000005255000000000000000000000000000000000000000000000000   000000000000000                      0000000000000000000000000000000000000000                                                                                                                                        
037000024047              00720264500088000032002786CUOTAIPV2026020100000003505000000000000000000000000000000000000000000000000   000000000000000                      0000000000000000000000000000000000000000                                                                                                                                        
037000028951              00720264500088000032016772CUOTAIPV2067020100000014422877000000000000000000000000000000000000000000000   000000000000000                      0000000000000000000000000000000000000000                                                                                                                                        
037000022426              00720264500088000032023286CUOTAIPV2042010100000003505000000000000000000000000000000000000000000000000   000000000000000                      0000000000000000000000000000000000000000                                                                                                                                        
037000024846              00720264500088000032175840CUOTAIPV2026030100000003505000000000000000000000000000000000000000000000000   000000000000000                      0000000000000000000000000000000000000000                                                                                                                                        
037000027157              00720264500088000032449536CUOTAIPV2025110100000005505000000000000000000000000000000000000000000000000   000000000000000                      0000000000000000000000000000000000000000                                                                                                                                        
037000023662              00720264500088000032689718CUOTAIPV2027050100000003505000000000000000000000000000000000000000000000000   000000000000000                      0000000000000000000000000000000000000000                                                                                                                                        
037000027325              00720264500088000033347204CUOTAIPV2025100100000005505000000000000000000000000000000000000000000000000   000000000000000                      0000000000000000000000000000000000000000                                                                                                                                        
037000029491              00720264500088000034007390CUOTAIPV2067020100000014428645000000000000000000000000000000000000000000000   000000000000000                      0000000000000000000000000000000000000000                                                                                                                                        
037000027792              00720264500088000034007536CUOTAIPV2025110100000008505000000000000000000000000000000000000000000000000   000000000000000                      0000000000000000000000000000000000000000                                                                                                                                        
037000028236              00720264500088000034339468CUOTAIPV2026010100000008505000000000000000000000000000000000000000000000000   000000000000000                      0000000000000000000000000000000000000000                                                                                                                                        
037000027562              00720264500088000034396304CUOTAIPV2026010100000005505000000000000000000000000000000000000000000000000   000000000000000                      0000000000000000000000000000000000000000                                                                                                                                        
037000027660              00720264500088000036048586CUOTAIPV2026030100000005505000000000000000000000000000000000000000000000000   000000000000000                      0000000000000000000000000000000000000000                                                                                                                                        
037000024279              00720264500088000036199468CUOTAIPV2035050100000003505000000000000000000000000000000000000000000000000   000000000000000                      0000000000000000000000000000000000000000                                                                                                                                        
037000028627              00720264500088000036444704CUOTAIPV2025120100000006123199000000000000000000000000000000000000000000000   000000000000000                      0000000000000000000000000000000000000000                                                                                                                                        
037000020354              00720264500088000037019868CUOTAIPV2027020100000000308555000000000000000000000000000000000000000000000   000000000000000                      0000000000000000000000000000000000000000                                                                                                                                        
037000027509              00720264500088000037395940CUOTAIPV2025100100000003505000000000000000000000000000000000000000000000000   000000000000000                      0000000000000000000000000000000000000000                                                                                                                                        
037000028324              00720264500088000037437572CUOTAIPV2025120100000008505000000000000000000000000000000000000000000000000   000000000000000                      0000000000000000000000000000000000000000                                                                                                                                        
037000028191              00720264500088000037522122CUOTAIPV2026080100000015618333000000000000000000000000000000000000000000000   000000000000000                      0000000000000000000000000000000000000000                                                                                                                                        
037000028326              00720264500088000037647072CUOTAIPV2026090100000014171667000000000000000000000000000000000000000000000   000000000000000                      0000000000000000000000000000000000000000                                                                                                                                        
037000025899              00720264500088000037647454CUOTAIPV2026020100000005505000000000000000000000000000000000000000000000000   000000000000000                      0000000000000000000000000000000000000000                                                                                                                                        
037000026556              00720264500088000038047468CUOTAIPV2026020100000005505000000000000000000000000000000000000000000000000   000000000000000                      0000000000000000000000000000000000000000                                                                                                                                        
037000029235              00720264500088000038271672CUOTAIPV2063070100000021703745000000000000000000000000000000000000000000000   000000000000000                      0000000000000000000000000000000000000000                                                                                                                                        
037000028480              00720264500088000038317572CUOTAIPV2026070100000014880000000000000000000000000000000000000000000000000   000000000000000                      0000000000000000000000000000000000000000                                                                                                                                        
037000025702              00720264500088000038346886CUOTAIPV2026030100000005505000000000000000000000000000000000000000000000000   000000000000000                      0000000000000000000000000000000000000000                                                                                                                                        
037000027551              00720264500088000038362572CUOTAIPV2026010100000005505000000000000000000000000000000000000000000000000   000000000000000                      0000000000000000000000000000000000000000                                                                                                                                        
037000029246              00720264500088000038435636CUOTAIPV2036010100000005420217000000000000000000000000000000000000000000000   000000000000000                      0000000000000000000000000000000000000000                                                                                                                                        
037000027335              00720264500088000039136972CUOTAIPV2035050100000005505000000000000000000000000000000000000000000000000   000000000000000                      0000000000000000000000000000000000000000                                                                                                                                        
037000028296              00720484900088000035983336CUOTAIPV2025120100000008505000000000000000000000000000000000000000000000000   000000000000000                      0000000000000000000000000000000000000000                                                                                                                                        
037000025175              00720733600088000035854018CUOTAIPV2026030100000003505000000000000000000000000000000000000000000000000   000000000000000                      0000000000000000000000000000000000000000                                                                                                                                        
037000029210              01910039100055103901934567CUOTAIPV2037040100000005417852000000000000000000000000000000000000000000000   000000000000000                      0000000000000000000000000000000000000000                                                                                                                                        
037000026052              01910253300055125300021653CUOTAIPV2026020100000005505000000000000000000000000000000000000000000000000   000000000000000                      0000000000000000000000000000000000000000                                                                                                                                        
037000023798              01910253300055125300127085CUOTAIPV2025120100000003505000000000000000000000000000000000000000000000000   000000000000000                      0000000000000000000000000000000000000000                                                                                                                                        
037000022013              01910253300055125300158517CUOTAIPV2042010100000003505000000000000000000000000000000000000000000000000   000000000000000                      0000000000000000000000000000000000000000                                                                                                                                        
037000028380              01910253300055125300484021CUOTAIPV2026040100000015588333000000000000000000000000000000000000000000000   000000000000000                      0000000000000000000000000000000000000000                                                                                                                                        
037000027803              01910253300055125300696121CUOTAIPV2026070100000008505000000000000000000000000000000000000000000000000   000000000000000                      0000000000000000000000000000000000000000                                                                                                                                        
037000026995              01910253300055125300701667CUOTAIPV2026070100000009630000000000000000000000000000000000000000000000000   000000000000000                      0000000000000000000000000000000000000000                                                                                                                                        
037000023799              01910375800055137569903685CUOTAIPV2025120100000003505000000000000000000000000000000000000000000000000   000000000000000                      0000000000000000000000000000000000000000                                                                                                                                        
037000029644              02850001000040094731911238CUOTAIPV2034080100000005443399000000000000000000000000000000000000000000000   000000000000000                      0000000000000000000000000000000000000000                                                                                                                                        
037000026229              02850134100040094097674978CUOTAIPV2026030100000005505000000000000000000000000000000000000000000000000   000000000000000                      0000000000000000000000000000000000000000                                                                                                                                        
037000026175              02850134100040094103411328CUOTAIPV2026090100000005505000000000000000000000000000000000000000000000000   000000000000000                      0000000000000000000000000000000000000000                                                                                                                                        
037000024031              02850134100040094104193658CUOTAIPV2025120100000004505000000000000000000000000000000000000000000000000   000000000000000                      0000000000000000000000000000000000000000                                                                                                                                        
037000029710              02850134100040094122135038CUOTAIPV2031070100000005419271000000000000000000000000000000000000000000000   000000000000000                      0000000000000000000000000000000000000000                                                                                                                                        
037000028775              02850134100040094584104698CUOTAIPV2035060100000005434410000000000000000000000000000000000000000000000   000000000000000                      0000000000000000000000000000000000000000                                                                                                                                        
037000029611              02850134100040094584105738CUOTAIPV2042030100000007409172000000000000000000000000000000000000000000000   000000000000000                      0000000000000000000000000000000000000000                                                                                                                                        
037000020547              02850134100040094672124638CUOTAIPV2027120100000000399627000000000000000000000000000000000000000000000   000000000000000                      0000000000000000000000000000000000000000                                                                                                                                        
037000023761              02850134100040094709459548CUOTAIPV2025120100000003505000000000000000000000000000000000000000000000000   000000000000000                      0000000000000000000000000000000000000000                                                                                                                                        
037000023827              02850134100040094753177728CUOTAIPV2026010100000003505000000000000000000000000000000000000000000000000   000000000000000                      0000000000000000000000000000000000000000                                                                                                                                        
037000024742              02850134100040094853751318CUOTAIPV2026040100000003505000000000000000000000000000000000000000000000000   000000000000000                      0000000000000000000000000000000000000000                                                                                                                                        
037000026888              02850134100040094934076778CUOTAIPV2026030100000005505000000000000000000000000000000000000000000000000   000000000000000                      0000000000000000000000000000000000000000                                                                                                                                        
037000027556              02850134100040095029075218CUOTAIPV2026020100000005505000000000000000000000000000000000000000000000000   000000000000000                      0000000000000000000000000000000000000000                                                                                                                                        
037000020433              02850134100040095042124838CUOTAIPV2026090100000000378634000000000000000000000000000000000000000000000   000000000000000                      0000000000000000000000000000000000000000                                                                                                                                        
037000028475              02850134100040095064092478CUOTAIPV2026010100000008505000000000000000000000000000000000000000000000000   000000000000000                      0000000000000000000000000000000000000000                                                                                                                                        
037000026047              02850134100040095228520308CUOTAIPV2026040100000005505000000000000000000000000000000000000000000000000   000000000000000                      0000000000000000000000000000000000000000                                                                                                                                        
037000026649              02850134100040095235807298CUOTAIPV2025110100000005505000000000000000000000000000000000000000000000000   000000000000000                      0000000000000000000000000000000000000000                                                                                                                                        
037000029492              02850134100040095322915918CUOTAIPV2067060100000014422877000000000000000000000000000000000000000000000   000000000000000                      0000000000000000000000000000000000000000                                                                                                                                        
037000029279              02850134100040095362582828CUOTAIPV2067050100000014422877000000000000000000000000000000000000000000000   000000000000000                      0000000000000000000000000000000000000000                                                                                                                                        
037000028254              02850134100040095377494468CUOTAIPV2026010100000008505000000000000000000000000000000000000000000000000   000000000000000                      0000000000000000000000000000000000000000                                                                                                                                        
037000028850              02850134100040095392991038CUOTAIPV2025100100000022756325000000000000000000000000000000000000000000000   000000000000000                      0000000000000000000000000000000000000000                                                                                                                                        
037000028832              02850134100040095464946588CUOTAIPV2037030100000022849683000000000000000000000000000000000000000000000   000000000000000                      0000000000000000000000000000000000000000                                                                                                                                        
037000029509              02850134100040095537288588CUOTAIPV2053100100000014392115000000000000000000000000000000000000000000000   000000000000000                      0000000000000000000000000000000000000000                                                                                                                                        
037000028137              02850134100040095549707088CUOTAIPV2025100100000012755000000000000000000000000000000000000000000000000   000000000000000                      0000000000000000000000000000000000000000                                                                                                                                        
037000029044              02850134100040095567371698CUOTAIPV2066100100000014428645000000000000000000000000000000000000000000000   000000000000000                      0000000000000000000000000000000000000000                                                                                                                                        
037000028973              02850134100040095573950128CUOTAIPV2038080100000005432991000000000000000000000000000000000000000000000   000000000000000                      0000000000000000000000000000000000000000                                                                                                                                        
037000024100              02850134100040095597293438CUOTAIPV2037040100000003505000000000000000000000000000000000000000000000000   000000000000000                      0000000000000000000000000000000000000000                                                                                                                                        
037000029124              02850134100040095597408988CUOTAIPV2066100100000014428645000000000000000000000000000000000000000000000   000000000000000                      0000000000000000000000000000000000000000                                                                                                                                        
037000028739              02850134100040095863328578CUOTAIPV2026060100000005429679000000000000000000000000000000000000000000000   000000000000000                      0000000000000000000000000000000000000000                                                                                                                                        
037000022695              02850134100040095918729488CUOTAIPV2025120100000003505000000000000000000000000000000000000000000000000   000000000000000                      0000000000000000000000000000000000000000                                                                                                                                        
037000028859              02850200900040094863809898CUOTAIPV2042080100000022768469000000000000000000000000000000000000000000000   000000000000000                      0000000000000000000000000000000000000000                                                                                                                                        
037000028204              02850381100040095158783138CUOTAIPV2026010100000008505000000000000000000000000000000000000000000000000   000000000000000                      0000000000000000000000000000000000000000                                                                                                                                        
037000022052              02850519000040095168124518CUOTAIPV2042010100000003505000000000000000000000000000000000000000000000000   000000000000000                      0000000000000000000000000000000000000000                                                                                                                                        
037000025512              02850519000040095168132278CUOTAIPV2026010100000003505000000000000000000000000000000000000000000000000   000000000000000                      0000000000000000000000000000000000000000                                                                                                                                        
037000026725              02850519000040095198405458CUOTAIPV2025110100000005505000000000000000000000000000000000000000000000000   000000000000000                      0000000000000000000000000000000000000000                                                                                                                                        
037000021857              02850519000040095223149458CUOTAIPV2026010100000003505000000000000000000000000000000000000000000000000   000000000000000                      0000000000000000000000000000000000000000                                                                                                                                        
037000000029              00070143900030004019738627CUOTAIPV2025103000000003505000000000000000000000000000000000000000000000000   000000000000000                      0000000000000000000000000000000000000000                                                                                                                                        
037000000031              00070143900030004011225927CUOTAIPV2025103000000007008624000000000000000000000000000000000000000000000   000000000000000                      0000000000000000000000000000000000000000                                                                                                                                        
037000000034              01910253300055125300886117CUOTAIPV2025103000000003505000000000000000000000000000000000000000000000000   000000000000000                      0000000000000000000000000000000000000000                                                                                                                                        
037000000092              00070143900030004021053619CUOTAIPV2025103000000003505000000000000000000000000000000000000000000000000   000000000000000                      0000000000000000000000000000000000000000                                                                                                                                        
037000000147              00070143900030004055324714CUOTAIPV2025103000000005505000000000000000000000000000000000000000000000000   000000000000000                      0000000000000000000000000000000000000000                                                                                                                                        
037000000148              00440003500040000151604465CUOTAIPV2025103000000005505000000000000000000000000000000000000000000000000   000000000000000                      0000000000000000000000000000000000000000                                                                                                                                        
037000000182              00720264500088000034046872CUOTAIPV2025103000000005505000000000000000000000000000000000000000000000000   000000000000000                      0000000000000000000000000000000000000000                                                                                                                                        
037000000211              00070143900030004039014361CUOTAIPV2025103000000005505000000000000000000000000000000000000000000000000   000000000000000                      0000000000000000000000000000000000000000                                                                                                                                        
037000000214              00720264500088000034009754CUOTAIPV2025103000000005505000000000000000000000000000000000000000000000000   000000000000000                      0000000000000000000000000000000000000000                                                                                                                                        
037000000342              02850519000040095319206638CUOTAIPV2025103000000034611200000000000000000000000000000000000000000000000   000000000000000                      0000000000000000000000000000000000000000                                                                                                                                        
00010037C                                                                                                                                                                                                                                                                                                                202510131EMPRESA000017821741890000249                                                                                                                                                                                                                                                                                                                