084800100000285000001197225261                                                                                                                                                              
20260401202604302026043000000000000000000000002026040000000027500000208775000100000000213171202                                                                                          02
20260401202604302026043000000000000000000000002026040000000350020000229565000100000000213334209                                                                                          02
20260401202604302026043000000000000000000000002026040000000350020000218165000100000000213524589                                                                                          02
20260401202604302026043000000000000000000000002026040000000350020000237045000100000000213742365                                                                                          02
20260401202604302026043000000000000000000000002026040000000542819100290305000100000000213916558                                                                                          02
20260401202604302026043000000000000000000000002026040000000569549800296935000100000000213965524                                                                                          02
20260401202604302026043000000000000000000000002026040000000350020000237875000100000000214824753                                                                                          02
20260401202604302026043000000000000000000000002026040000000350020000229725000100000000214995209                                                                                          02
20260401202604302026043000000000000000000000002026040000000350020000236065000100000000214995794                                                                                          02
20260401202604302026043000000000000000000000002026040000000030020300204105000100000000215839544                                                                                          02
20260401202604302026043000000000000000000000002026040000000350020000244415000100000000215996790                                                                                          02
20260401202604302026043000000000000000000000002026040000000350020000249875000100000000216021916                                                                                          02
20260401202604302026043000000000000000000000002026040000000016073400216195000100000000216138896                                                                                          02
20260401202604302026043000000000000000000000002026040000000550020000265725000100000000217559163                                                                                          02
20260401202604302026043000000000000000000000002026040000000350020000244765000100000000217953909                                                                                          02
20260401202604302026043000000000000000000000002026040000000350020000234175000100000000217979698                                                                                          02
20260401202604302026043000000000000000000000002026040000000544758900287245000100000000218069295                                                                                          02
20260401202604302026043000000000000000000000002026040000000540832000296315000100000000224089292                                                                                          02
20260401202604302026043000000000000000000000002026040000000350020000238695000100000000224645852                                                                                          02
20260401202604302026043000000000000000000000002026040000000350020000234385000100000000225485451                                                                                          02
20260401202604302026043000000000000000000000002026040000000542440600295995000100000000225813369                                                                                          02
20260401202604302026043000000000000000000000002026040000000016120000214725000100000000226011340                                                                                          02
20260401202604302026043000000000000000000000002026040000000350020000224555000100000000226056698                                                                                          02
20260401202604302026043000000000000000000000002026040000000350020000221085000100000000226358475                                                                                          02
20260401202604302026043000000000000000000000002026040000000350020000240715000100000000226445670                                                                                          02
20260401202604302026043000000000000000000000002026040000000350020000222295000100000000226445864                                                                                          02
20260401202604302026043000000000000000000000002026040000001438731500294235000100000000226707184                                                                                          02
20260401202604302026043000000000000000000000002026040000000350020000225005000100000000226750835                                                                                          02
20260401202604302026043000000000000000000000002026040000000350020000233145000100000000227092865                                                                                          02
20260401202604302026043000000000000000000000002026040000000542204100292065000100000000227243493                                                                                          02
20260401202604302026043000000000000000000000002026040000000350020000236475000100000000227591918                                                                                          02
20260401202604302026043000000000000000000000002026040000000542014800300615000100000000227591918                                                                                          02
20260401202604302026043000000000000000000000002026040000000550020000258425000100000000227591918                                                                                          02
20260401202604302026043000000000000000000000002026040000000350020000244315000100000000227949230                                                                                          02
20260401202604302026043000000000000000000000002026040000000350020000233315000100000000228395250                                                                                          02
20260401202604302026043000000000000000000000002026040000000350020000236255000100000000228600194                                                                                          02
20260401202604302026043000000000000000000000002026040000000350020000223795000100000000228689808                                                                                          02
20260401202604302026043000000000000000000000002026040000000350020000220925000100000000229009039                                                                                          02
20260401202604302026043000000000000000000000002026040000000350020000237165000100000000229105422                                                                                          02
20260401202604302026043000000000000000000000002026040000000350020000233295000100000000229347474                                                                                          02
20260401202604302026043000000000000000000000002026040000000350020000225395000100000000229467160                                                                                          02
20260401202604302026043000000000000000000000002026040000000350020000233885000100000000229475931                                                                                          02
20260401202604302026043000000000000000000000002026040000000350020000237735000100000000229562059                                                                                          02
20260401202604302026043000000000000000000000002026040000000550020000266095000100000000230305333                                                                                          02
20260401202604302026043000000000000000000000002026040000000350020000246055000100000000231764256                                                                                          02
20260401202604302026043000000000000000000000002026040000000350020000233375000100000000232061704                                                                                          02
20260401202604302026043000000000000000000000002026040000000542109400287495000100000000232065021                                                                                          02
20260401202604302026043000000000000000000000002026040000000350020000250535000100000000232095294                                                                                          02
20260401202604302026043000000000000000000000002026040000000016045800213365000100000000232708485                                                                                          02
20260401202604302026043000000000000000000000002026040000000350020000243175000100000000232709096                                                                                          02
20260401202604302026043000000000000000000000002026040000000350020000253835000100000000232739851                                                                                          02
20260401202604302026043000000000000000000000002026040000000550020000266035000100000000233018923                                                                                          02
20260401202604302026043000000000000000000000002026040000000350020000247515000100000000233672060                                                                                          02
20260401202604302026043000000000000000000000002026040000000350020000247775000100000000233782432                                                                                          02
20260401202604302026043000000000000000000000002026040000000541946800300245000100000000233911464                                                                                          02
20260401202604302026043000000000000000000000002026040000000350020000244285000100000000234076883                                                                                          02
20260401202604302026043000000000000000000000002026040000000350020000253525000100000000234226800                                                                                          02
20260401202604302026043000000000000000000000002026040000000350020000224995000100000000234716086                                                                                          02
20260401202604302026043000000000000000000000002026040000000550020000259665000100000000235169196                                                                                          02
20260401202604302026043000000000000000000000002026040000000300020000296655000100000000235196178                                                                                          02
20260401202604302026043000000000000000000000002026040000000350020000254715000100000000235217803                                                                                          02
20260401202604302026043000000000000000000000002026040000000350020000233005000100000000235791129                                                                                          02
20260401202604302026043000000000000000000000002026040000000350020000233205000100000000236456176                                                                                          02
20260401202604302026043000000000000000000000002026040000000350020000236345000100000000237343968                                                                                          02
20260401202604302026043000000000000000000000002026040000000253654300287335000100000000237398152                                                                                          02
20260401202604302026043000000000000000000000002026040000000350020000224145000100000000237547558                                                                                          02
20260401202604302026043000000000000000000000002026040000000350020000235935000100000000239900454                                                                                          02
20260401202604302026043000000000000000000000002026040000000350020000250545000100000000239912154                                                                                          02
20260401202604302026043000000000000000000000002026040000000350020000255045000100000000240022833                                                                                          02
20260401202604302026043000000000000000000000002026040000000350020000233945000100000000240541972                                                                                          02
20260401202604302026043000000000000000000000002026040000000850020000282785000100000000241685055                                                                                          02
20260401202604302026043000000000000000000000002026040000000350020000249865000100000000242478462                                                                                          02
20260401202604302026043000000000000000000000002026040000000350020000237505000100000000243079494                                                                                          02
20260401202604302026043000000000000000000000002026040000000350020000234125000100000000243829069                                                                                          02
20260401202604302026043000000000000000000000002026040000000550020000262365000100000000244779719                                                                                          02
20260401202604302026043000000000000000000000002026040000000350020000250235000100000000244807955                                                                                          02
20260401202604302026043000000000000000000000002026040000000350020000237105000100000000244813176                                                                                          02
20260401202604302026043000000000000000000000002026040000000350020000245985000100000000244816561                                                                                          02
20260401202604302026043000000000000000000000002026040000000350020000233545000100000000244850927                                                                                          02
20260401202604302026043000000000000000000000002026040000000350020000229685000100000000244857338                                                                                          02
20260401202604302026043000000000000000000000002026040000000350020000236995000100000000244857532                                                                                          02
20260401202604302026043000000000000000000000002026040000000350020000237495000100000000244863238                                                                                          02
20260401202604302026043000000000000000000000002026040000000350020000232125000100000000244864528                                                                                          02
20260401202604302026043000000000000000000000002026040000000350020000238885000100000000246211223                                                                                          02
20260401202604302026043000000000000000000000002026040000000660765400298885000100000000246935727                                                                                          02
20260401202604302026043000000000000000000000002026040000000350020000254765000100000000246943140                                                                                          02
20260401202604302026043000000000000000000000002026040000000030790000215345000100000000246943334                                                                                          02
20260401202604302026043000000000000000000000002026040000000350020000239365000100000000250127818                                                                                          02
20260401202604302026043000000000000000000000002026040000000350020000220995000100000000250129234                                                                                          02
20260401202604302026043000000000000000000000002026040000000350020000225195000100000000250179493                                                                                          02
20260401202604302026043000000000000000000000002026040000000543859900287505000100000000252927161                                                                                          02
20260401202604302026043000000000000000000000002026040000000542393300287455000100000000252930840                                                                                          02
20260401202604302026043000000000000000000000002026040000000350020000220365000100000000254242012                                                                                          02
20260401202604302026043000000000000000000000002026040000000350020000234145000100000000254243984                                                                                          02
20260401202604302026043000000000000000000000002026040000000350020000233565000100000000254832356                                                                                          02
20260401202604302026043000000000000000000000002026040000000350020000252245000100000000255353286                                                                                          02
20260401202604302026043000000000000000000000002026040000000550020000272285000100000000256002246                                                                                          02
20260401202604302026043000000000000000000000002026040000000550020000263545000100000000256006242                                                                                          02
20260401202604302026043000000000000000000000002026040000000350020000234315000100000000256499531                                                                                          02
20260401202604302026043000000000000000000000002026040000000350020000233995000100000000257134796                                                                                          02
20260401202604302026043000000000000000000000002026040000000350020000224035000100000000257136891                                                                                          02
20260401202604302026043000000000000000000000002026040000000350020000237205000100000000257228011                                                                                          02
20260401202604302026043000000000000000000000002026040000000350020000253845000100000000258909737                                                                                          02
20260401202604302026043000000000000000000000002026040000000350020000234405000100000000258916539                                                                                          02
20260401202604302026043000000000000000000000002026040000000350020000234395000100000000259015130                                                                                          02
20260401202604302026043000000000000000000000002026040000000350020000231485000100000000259184270                                                                                          02
20260401202604302026043000000000000000000000002026040000000550020000264485000100000000259331872                                                                                          02
20260401202604302026043000000000000000000000002026040000000350020000236595000100000000259761621                                                                                          02
20260401202604302026043000000000000000000000002026040000000350020000217395000100000000259768032                                                                                          02
20260401202604302026043000000000000000000000002026040000000350020000233865000100000000261369963                                                                                          02
20260401202604302026043000000000000000000000002026040000000350020000233475000100000000261532197                                                                                          02
20260401202604302026043000000000000000000000002026040000000350020000233975000100000000261815763                                                                                          02
20260401202604302026043000000000000000000000002026040000000544238400296295000100000000264295170                                                                                          02
20260401202604302026043000000000000000000000002026040000000542440600296285000100000000264295849                                                                                          02
20260401202604302026043000000000000000000000002026040000000641178700289805000100000000264304319                                                                                          02
20260401202604302026043000000000000000000000002026040000000350020000221185000100000000266423000                                                                                          02
20260401202604302026043000000000000000000000002026040000000550020000273845000100000000266429967                                                                                          02
20260401202604302026043000000000000000000000002026040000000350020000234275000100000000266433190                                                                                          02
20260401202604302026043000000000000000000000002026040000000350020000223665000100000000266433869                                                                                          02
20260401202604302026043000000000000000000000002026040000000542109400289695000100000000268054202                                                                                          02
20260401202604302026043000000000000000000000002026040000000567373500299075000100000000269293642                                                                                          02
20260401202604302026043000000000000000000000002026040000000350020000228445000100000000269307107                                                                                          02
20260401202604302026043000000000000000000000002026040000000350020000229125000100000000270229514                                                                                          02
20260401202604302026043000000000000000000000002026040000000350020000225415000100000000270236998                                                                                          02
20260401202604302026043000000000000000000000002026040000000350020000223925000100000000271089878                                                                                          02
20260401202604302026043000000000000000000000002026040000000350020000255405000100000000271093295                                                                                          02
20260401202604302026043000000000000000000000002026040000000350020000240835000100000000271168496                                                                                          02
20260401202604302026043000000000000000000000002026040000000350020000222965000100000000271168787                                                                                          02
20260401202604302026043000000000000000000000002026040000000350020000252035000100000000271856054                                                                                          02
20260401202604302026043000000000000000000000002026040000000543623400300975000100000000271857150                                                                                          02
20260401202604302026043000000000000000000000002026040000000545090000289085000100000000271860247                                                                                          02
20260401202604302026043000000000000000000000002026040000000350020000237015000100000000271862633                                                                                          02
20260401202604302026043000000000000000000000002026040000000543528800287525000100000000273225606                                                                                          02
20260401202604302026043000000000000000000000002026040000000018500000214515000100000000273226023                                                                                          02
20260401202604302026043000000000000000000000002026040000000350020000235805000100000000273227701                                                                                          02
20260401202604302026043000000000000000000000002026040000000350020000220865000100000000273229117                                                                                          02
20260401202604302026043000000000000000000000002026040000000350020000243295000100000000273242889                                                                                          02
20260401202604302026043000000000000000000000002026040000000350020000218185000100000000273244302                                                                                          02
20260401202604302026043000000000000000000000002026040000000350020000244215000100000000273245204                                                                                          02
20260401202604302026043000000000000000000000002026040000000350020000252235000100000000273246982                                                                                          02
20260401202604302026043000000000000000000000002026040000000350020000223875000100000000273835063                                                                                          02
20260401202604302026043000000000000000000000002026040000000350020000249685000100000000273838448                                                                                          02
20260401202604302026043000000000000000000000002026040000000350020000238435000100000000273839156                                                                                          02
20260401202604302026043000000000000000000000002026040000000850020000278865000100000000273850927                                                                                          02
20260401202604302026043000000000000000000000002026040000000350020000247855000100000000274571063                                                                                          02
20260401202604302026043000000000000000000000002026040000000350020000233535000100000000274579152                                                                                          02
20260401202604302026043000000000000000000000002026040000000350020000251925000100000000274582637                                                                                          02
20260401202604302026043000000000000000000000002026040000000350020000256105000100000000275456563                                                                                          02
20260401202604302026043000000000000000000000002026040000000350020000236205000100000000275457756                                                                                          02
20260401202604302026043000000000000000000000002026040000000350020000250505000100000000275462851                                                                                          02
20260401202604302026043000000000000000000000002026040000000350020000253465000100000000276222406                                                                                          02
20260401202604302026043000000000000000000000002026040000000350020000247175000100000000276226208                                                                                          02
20260401202604302026043000000000000000000000002026040000000350020000238465000100000000277095275                                                                                          02
20260401202604302026043000000000000000000000002026040000000541068600294855000100000000277099659                                                                                          02
20260401202604302026043000000000000000000000002026040000000350020000232165000100000000277101039                                                                                          02
20260401202604302026043000000000000000000000002026040000000550020000263285000100000000278741539                                                                                          02
20260401202604302026043000000000000000000000002026040000000541021300287035000100000000278742150                                                                                          02
20260401202604302026043000000000000000000000002026040000000541778300286675000100000000278743634                                                                                          02
20260401202604302026043000000000000000000000002026040000000350020000255175000100000000279903253                                                                                          02
20260401202604302026043000000000000000000000002026040000000016057100208565000100000000279913343                                                                                          02
20260401202604302026043000000000000000000000002026040000000350020000238155000100000000281229122                                                                                          02
20260401202604302026043000000000000000000000002026040000000350020000252545000100000000281251694                                                                                          02
20260401202604302026043000000000000000000000002026040000000016410100202955000100000000283176193                                                                                          02
20260401202604302026043000000000000000000000002026040000000350020000244065000100000000283190670                                                                                          02
20260401202604302026043000000000000000000000002026040000000541115900291655000100000000283840836                                                                                          02
20260401202604302026043000000000000000000000002026040000000350020000222135000100000000284512100                                                                                          02
20260401202604302026043000000000000000000000002026040000000550020000273725000100000000284516293                                                                                          02
20260401202604302026043000000000000000000000002026040000000350020000237575000100000000285478643                                                                                          02
20260401202604302026043000000000000000000000002026040000000350020000253795000100000000285486541                                                                                          02
20260401202604302026043000000000000000000000002026040000000543576100300415000100000000286244877                                                                                          02
20260401202604302026043000000000000000000000002026040000000670853300240845000100000000287089956                                                                                          02
20260401202604302026043000000000000000000000002026040000000350020000243215000100000000287102231                                                                                          02
20260401202604302026043000000000000000000000002026040000000350020000229525000100000000287105131                                                                                          02
20260401202604302026043000000000000000000000002026040000000550020000257845000100000000287108419                                                                                          02
20260401202604302026043000000000000000000000002026040000000550020000260725000100000000287934333                                                                                          02
20260401202604302026043000000000000000000000002026040000000542819100291925000100000000288461163                                                                                          02
20260401202604302026043000000000000000000000002026040000000350020000255085000100000000288470060                                                                                          02
20260401202604302026043000000000000000000000002026040000000350020000220835000100000000288963019                                                                                          02
20260401202604302026043000000000000000000000002026040000000350020000252735000100000000288971305                                                                                          02
20260401202604302026043000000000000000000000002026040000000350020000218195000100000000289676130                                                                                          02
20260401202604302026043000000000000000000000002026040000000350020000235755000100000000289678613                                                                                          02
20260401202604302026043000000000000000000000002026040000000350020000253575000100000000289679515                                                                                          02
20260401202604302026043000000000000000000000002026040000000350020000244955000100000000289686608                                                                                          02
20260401202604302026043000000000000000000000002026040000000550020000260465000100000000290642278                                                                                          02
20260401202604302026043000000000000000000000002026040000000350020000253405000100000000290644858                                                                                          02
20260401202604302026043000000000000000000000002026040000000350020000248225000100000000290653658                                                                                          02
20260401202604302026043000000000000000000000002026040000000350020000245925000100000000290662167                                                                                          02
20260401202604302026043000000000000000000000002026040000000350020000243145000100000000291609199                                                                                          02
20260401202604302026043000000000000000000000002026040000000603471800300835000100000000291615778                                                                                          02
20260401202604302026043000000000000000000000002026040000000550020000259225000100000000291623870                                                                                          02
20260401202604302026043000000000000000000000002026040000000350020000244605000100000000293278860                                                                                          02
20260401202604302026043000000000000000000000002026040000000552801700286805000100000000293280376                                                                                          02
20260401202604302026043000000000000000000000002026040000000542440600296255000100000000293283179                                                                                          02
20260401202604302026043000000000000000000000002026040000000350020000233365000100000000293291271                                                                                          02
20260401202604302026043000000000000000000000002026040000000550020000272875000100000000293298458                                                                                          02
20260401202604302026043000000000000000000000002026040000000550020000275125000100000000294828935                                                                                          02
20260401202604302026043000000000000000000000002026040000000540879400286695000100000000294893894                                                                                          02
20260401202604302026043000000000000000000000002026040000000350020000235365000100000000295366660                                                                                          02
20260401202604302026043000000000000000000000002026040000000350020000250475000100000000295978500                                                                                          02
20260401202604302026043000000000000000000000002026040000000350020000253185000100000000295986204                                                                                          02
20260401202604302026043000000000000000000000002026040000000350020000233695000100000000296256673                                                                                          02
20260401202604302026043000000000000000000000002026040000000350020000236915000100000000296259864                                                                                          02
20260401202604302026043000000000000000000000002026040000000350020000221935000100000000296950034                                                                                          02
20260401202604302026043000000000000000000000002026040000000350020000220755000100000000297478733                                                                                          02
20260401202604302026043000000000000000000000002026040000001441807700291475000100000000297492919                                                                                          02
20260401202604302026043000000000000000000000002026040000000540122400286605000100000000297495819                                                                                          02
20260401202604302026043000000000000000000000002026040000000350020000238585000100000000298837723                                                                                          02
20260401202604302026043000000000000000000000002026040000000350020000245355000100000000298838140                                                                                          02
20260401202604302026043000000000000000000000002026040000000350020000229815000100000000298841043                                                                                          02
20260401202604302026043000000000000000000000002026040000000350020000243935000100000000298849326                                                                                          02
20260401202604302026043000000000000000000000002026040000000562879000296495000100000000299438464                                                                                          02
20260401202604302026043000000000000000000000002026040000000550020000258765000100000000299440659                                                                                          02
20260401202604302026043000000000000000000000002026040000000550020000257755000100000000299447361                                                                                          02
20260401202604302026043000000000000000000000002026040000000544569600300855000100000000300536389                                                                                          02
20260401202604302026043000000000000000000000002026040000000350020000245385000100000000300540097                                                                                          02
20260401202604302026043000000000000000000000002026040000000550020000265875000100000000300823663                                                                                          02
20260401202604302026043000000000000000000000002026040000001440461900290995000100000000301341887                                                                                          02
20260401202604302026043000000000000000000000002026040000000542204100288795000100000000302534870                                                                                          02
20260401202604302026043000000000000000000000002026040000000350020000234055000100000000302537285                                                                                          02
20260401202604302026043000000000000000000000002026040000000350020000222405000100000000303173585                                                                                          02
20260401202604302026043000000000000000000000002026040000000850020000278555000100000000303175389                                                                                          02
20260401202604302026043000000000000000000000002026040000000350020000252355000100000000303565360                                                                                          02
20260401202604302026043000000000000000000000002026040000000350020000225405000100000000303566553                                                                                          02
20260401202604302026043000000000000000000000002026040000000350020000240975000100000000303567358                                                                                          02
20260401202604302026043000000000000000000000002026040000000016084500212365000100000000303952043                                                                                          02
20260401202604302026043000000000000000000000002026040000000550020000257085000100000000304261097                                                                                          02
20260401202604302026043000000000000000000000002026040000000550020000258095000100000000304546273                                                                                          02
20260401202604302026043000000000000000000000002026040000000350020000228475000100000000305071784                                                                                          02
20260401202604302026043000000000000000000000002026040000000850020000284215000100000000305083290                                                                                          02
20260401202604302026043000000000000000000000002026040000000350020000224085000100000000305608190                                                                                          02
20260401202604302026043000000000000000000000002026040000000550020000263615000100000000305618862                                                                                          02
20260401202604302026043000000000000000000000002026040000000350020000253375000100000000306623178                                                                                          02
20260401202604302026043000000000000000000000002026040000000683474700298265000100000000306623275                                                                                          02
20260401202604302026043000000000000000000000002026040000000550020000257515000100000000307337773                                                                                          02
20260401202604302026043000000000000000000000002026040000000542062100298685000100000000307756918                                                                                          02
20260401202604302026043000000000000000000000002026040000000350020000223385000100000000308369456                                                                                          02
20260401202604302026043000000000000000000000002026040000000542913700291875000100000000308618853                                                                                          02
20260401202604302026043000000000000000000000002026040000000541541700292495000100000000308621950                                                                                          02
20260401202604302026043000000000000000000000002026040000000350020000233815000100000000310626774                                                                                          02
20260401202604302026043000000000000000000000002026040000000350020000223475000100000000312858824                                                                                          02
20260401202604302026043000000000000000000000002026040000000546178200287545000100000000312860728                                                                                          02
20260401202604302026043000000000000000000000002026040000000350020000233465000100000000313210132                                                                                          02
20260401202604302026043000000000000000000000002026040000000550020000259075000100000000314059013                                                                                          02
20260401202604302026043000000000000000000000002026040000000350020000223105000100000000314059110                                                                                          02
20260401202604302026043000000000000000000000002026040000000350020000240635000100000000314381849                                                                                          02
20260401202604302026043000000000000000000000002026040000000550020000263125000100000000314382072                                                                                          02
20260401202604302026043000000000000000000000002026040000000350020000245035000100000000314382557                                                                                          02
20260401202604302026043000000000000000000000002026040000000350020000254985000100000000314665929                                                                                          02
20260401202604302026043000000000000000000000002026040000000350020000233855000100000000326617761                                                                                          02
20260401202604302026043000000000000000000000002026040000000350020000224855000100000000327066390                                                                                          02
20260401202604302026043000000000000000000000002026040000000350020000231335000100000000327836145                                                                                          02
20260401202604302026043000000000000000000000002026040000000546272800300475000100000000327836727                                                                                          02
20260401202604302026043000000000000000000000002026040000000550020000263145000100000000328336187                                                                                          02
20260401202604302026043000000000000000000000002026040000000550020000274325000100000000328336187                                                                                          02
20260401202604302026043000000000000000000000002026040000000350020000224235000100000000328654633                                                                                          02
20260401202604302026043000000000000000000000002026040000000350020000252055000100000000328656243                                                                                          02
20260401202604302026043000000000000000000000002026040000000542866400290005000100000000329109702                                                                                          02
20260401202604302026043000000000000000000000002026040000000550020000271195000100000000329708846                                                                                          02
20260401202604302026043000000000000000000000002026040000000550020000258245000100000000331541866                                                                                          02
20260401202604302026043000000000000000000000002026040000000350020000252075000100000000332147211                                                                                          02
20260401202604302026043000000000000000000000002026040000000350020000237605000100000000335836732                                                                                          02
20260401202604302026043000000000000000000000002026040000000350020000253305000100000000336709659                                                                                          02
20260401202604302026043000000000000000000000002026040000000550020000267335000100000000348288157                                                                                          02
20260401202604302026043000000000000000000000002026040000000653337600287255000100000000349261369                                                                                          02
20260401202604302026043000000000000000000000002026040000000350020000248475000100000000350202530                                                                                          02
20260401202604302026043000000000000000000000002026040000000350020000250065000100000000350855829                                                                                          02
20260401202604302026043000000000000000000000002026040000000850020000284895000100000000351511594                                                                                          02
20260401202604302026043000000000000000000000002026040000000550020000265985000100000000354153979                                                                                          02
20260401202604302026043000000000000000000000002026040000000541589000286905000100000000354433869                                                                                          02
20260401202604302026043000000000000000000000002026040000000484978500276985000100000000355412493                                                                                          02
20260401202604302026043000000000000000000000002026040000000350020000230285000100000000359071088                                                                                          02
20260401202604302026043000000000000000000000002026040000000549030000297085000100000000360718474                                                                                          02
20260401202604302026043000000000000000000000002026040000000350020000242885000100000000361078686                                                                                          02
20260401202604302026043000000000000000000000002026040000000550020000274585000100000000368634449                                                                                          02
20260401202604302026043000000000000000000000002026040000000543481500296355000100000000369350075                                                                                          02
20260401202604302026043000000000000000000000002026040000000350020000244005000100000000372526674                                                                                          02
20260401202604302026043000000000000000000000002026040000000700020000224345000100000000372527867                                                                                          02
20260401202604302026043000000000000000000000002026040000000550020000263635000100000000372528187                                                                                          02
20260401202604302026043000000000000000000000002026040000000350020000000135000100000000258906740                                                                                          02
20260401202604302026043000000000000000000000002026040000000350020000000475000100000000331680539                                                                                          02
20260401202604302026043000000000000000000000002026040000000350020000000625000100000000231705491                                                                                          02
20260401202604302026043000000000000000000000002026040000000495205200000755000100000000365100234                                                                                          02
20260401202604302026043000000000000000000000002026040000000350020000001035000100000000298853228                                                                                          02
20260401202604302026043000000000000000000000002026040000000550020000001065000100000000368633256                                                                                          02
20260401202604302026043000000000000000000000002026040000000550020000001095000100000000361078880                                                                                          02
