0000348010552570106202610    0000035000000000000
0000348121152570106202610    0000035000000000000
0000348540652570106202610    0000055000000000000
0000349220452570106202610    0000055000000000000
0000650400452570106202610    0000035000000000000
0000650470152570106202610    0000035000000000000
0000650540452570106202610    0000411624000000000
0000650901152570106202610    0000144178770000000
0000653320252570106202610    0000310912800000000
0000656310352570106202610    0000055000000000000
0000656560952570106202610    0000087085360000000
0000656570752570106202610    0000035000000000000
0000656910752570106202610    0000085000000000000
0000657040252570106202610    0000035000000000000
0000657130152570106202610    0000330756000000000
0000658031152570106202610    0000085000000000000
0000658860352570106202610    0000035000000000000
0000659040552570106202610    0000110000000000000
0001240940352570106202610    0000144178770000000
0001243641152570106202610    0000055000000000000
0001244130252570106202610    0000054298830000000
0001244190152570106202610    0000035000000000000
0001244451152570106202610    0000085000000000000
0001244880452570106202610    0000035000000000000
0001688320452570106202610    0000055000000000000
0001718730852570106202610    0000085000000000000
0001719150752570106202610    0000055000000000000
0001719170352570106202610    0000055000000000000
0001719271152570106202610    0000110000000000000
0001721200852570106202610    0000110000000000000
0001721280352570106202610    0000085000000000000
0001721680252570106202610    0000055000000000000
0001721691152570106202610    0000055000000000000
0001721850252570106202610    0000055000000000000
0001721873252570106202610    0000055000000000000
0001721874752570106202610    0000035000000000000
0001721879252570106202610    0000055000000000000
0001721881752570106202610    0000055000000000000
0001721882452570106202610    0000035000000000000
0001721882552570106202610    0000055000000000000
0001721882852570106202610    0000085000000000000
0001721884352570106202610    0000055000000000000
0001721884752570106202610    0000001566440000000
0001721885952570106202610    0000055000000000000
0001721886252570106202610    0000110000000000000
0001721886752570106202610    0000055000000000000
0001721887752570106202610    0000055000000000000
0001721889352570106202610    0000035000000000000
0001721892252570106202610    0000055000000000000
0001721894452570106202610    0000085000000000000
0001721894952570106202610    0000035000000000000
0001721897052570106202610    0000143871150000000
0001721897252570106202610    0000035000000000000
0001721899152570106202610    0000055000000000000
0001721902652570106202610    0000035000000000000
0001721905752570106202610    0000035000000000000
0001721911552570106202610    0000035000000000000
0001721912552570106202610    0000035000000000000
0001721912652570106202610    0000143986510000000
0001721913752570106202610    0000035000000000000
0001721915252570106202610    0000055000000000000
0001721916952570106202610    0000035000000000000
0001721917952570106202610    0000035000000000000
0001721920152570106202610    0000035000000000000
0001721921852570106202610    0000227323500000000
0001721922652570106202610    0000252398770000000
0001721923952570106202610    0000144236450000000
0001721925452570106202610    0000055000000000000
0001721928452570106202610    0000035000000000000
0001721930152570106202610    0000055000000000000
0001721930952570106202610    0000055000000000000
0001721932252570106202610    0000085000000000000
0001721933452570106202610    0000055000000000000
0001721936452570106202610    0000085000000000000
0001721941552570106202610    0000085000000000000
0001721941652570106202610    0000035000000000000
0001721941752570106202610    0000085000000000000
0001721941852570106202610    0000055000000000000
0001721941952570106202610    0000054970650000000
0001721942052570106202610    0000144178770000000
0001721944052570106202610    0000035000000000000
0001721947252570106202610    0000085000000000000
0001721947352570106202610    0000085000000000000
0001721947852570106202610    0000055000000000000
0001721949252570106202610    0000055000000000000
0001721951352570106202610    0000035000000000000
0001721951752570106202610    0000055000000000000
0001721956652570106202610    0000085000000000000
0001721956752570106202610    0000144236450000000
0001721957152570106202610    0000035000000000000
0001721959052570106202610    0000035000000000000
0001721959252570106202610    0000055000000000000
0001721961052570106202610    0000199044190000000
0001721961452570106202610    0000035000000000000
0001721964052570106202610    0000035000000000000
0001721964852570106202610    0000085000000000000
0001721964952570106202610    0000055000000000000
0001721965452570106202610    0000066443570000000
0001721966052570106202610    0000055000000000000
0001721966152570106202610    0000085000000000000
0001721966552570106202610    0000035000000000000
0001721971452570106202610    0000055000000000000
0001721971852570106202610    0000109469150000000
0001721972752570106202610    0000085000000000000
0001721976352570106202610    0000085000000000000
0001721978352570106202610    0000035000000000000
0001721978852570106202610    0000055000000000000
0001721978952570106202610    0000252398770000000
0001721979552570106202610    0000035000000000000
0001721979852570106202610    0000035000000000000
0001721980052570106202610    0000035000000000000
0001721980152570106202610    0000069805430000000
0001721980752570106202610    0000144178770000000
0001721982252570106202610    0000055000000000000
0001721983052570106202610    0000085000000000000
0001721983452570106202610    0000055000000000000
0001721983852570106202610    0000035000000000000
0001721984052570106202610    0000035000000000000
0001721984352570106202610    0000055000000000000
0001721985452570106202610    0000085000000000000
0001721987152570106202610    0000386952000000000
0001721990152570106202610    0000055000000000000
0001721990652570106202610    0000055000000000000
0001721991152570106202610    0000090000000000000
0001721992452570106202610    0000055000000000000
0001721993752570106202610    0000055000000000000
0001721995152570106202610    0000035000000000000
0001721995552570106202610    0000035000000000000
0001721995952570106202610    0000001632560000000
0001721996052570106202610    0000085000000000000
0001721996252570106202610    0000055000000000000
0001721998252570106202610    0000055000000000000
0001721999752570106202610    0000055000000000000
0001721999952570106202610    0000035000000000000
0001722001852570106202610    0000055000000000000
0001722002352570106202610    0000055000000000000
0001722003252570106202610    0000035000000000000
0001722004852570106202610    0000035000000000000
0001722009152570106202610    0000144236450000000
0001722009752570106202610    0000055000000000000
0001722011252570106202610    0000055000000000000
0001722015452570106202610    0000144178770000000
0001722015652570106202610    0000035000000000000
0001722017052570106202610    0000177939250000000
0001722017252570106202610    0000055000000000000
0001722018052570106202610    0000055000000000000
0001722018152570106202610    0000055000000000000
0001722018452570106202610    0000069070560000000
0001722023052570106202610    0000035000000000000
0001722024352570106202610    0000055000000000000
0001722028452570106202610    0000144044190000000
0001722029852570106202610    0000085000000000000
0001722034552570106202610    0000085000000000000
0001722035352570106202610    0000143986510000000
0001722037352570106202610    0000055000000000000
0001722038152570106202610    0000055000000000000
0001722038452570106202610    0000252398770000000
0001722039752570106202610    0000055000000000000
0001722040852570106202610    0000085000000000000
0001722045052570106202610    0000252398770000000
0001722049652570106202610    0000055000000000000
0001722051252570106202610    0000085000000000000
0001722051452570106202610    0000055000000000000
0001722052052570106202610    0000252398770000000
0001722054152570106202610    0000035000000000000
0001722060652570106202610    0000144044190000000
0001722061052570106202610    0000144178770000000
0001722061352570106202610    0000085000000000000
0001722062052570106202610    0000055000000000000
0001722062352570106202610    0000055000000000000
0001722062852570106202610    0000250899900000000
0001722062952570106202610    0000035000000000000
0001722063452570106202610    0000085000000000000
0001722065352570106202610    0000035000000000000
0001722065952570106202610    0000294111400000000
0001722066252570106202610    0000252398770000000
0001722067952570106202610    0000055000000000000
0001722069052570106202610    0000085000000000000
0001722069452570106202610    0000055000000000000
0001722069552570106202610    0000140000000000000
0001722070552570106202610    0000085000000000000
0001722071152570106202610    0000085000000000000
0001722072452570106202610    0000085000000000000
0001722072652570106202610    0000110000000000000
0001722074652570106202610    0000055000000000000
0001722077752570106202610    0000055000000000000
0001722078152570106202610    0000143871150000000
0001722078552570106202610    0000082500000000000
0001722081652570106202610    0000055000000000000
0001722086252570106202610    0000055000000000000
0001722087252570106202610    0000035000000000000
0001722091152570106202610    0000143986510000000
0001722095852570106202610    0000055000000000000
0001722098052570106202610    0000143871150000000
0001722104052570106202610    0000055000000000000
0001722104952570106202610    0000144236450000000
0001722105452570106202610    0000143871150000000
0001722106552570106202610    0000035000000000000
0001722107652570106202610    0000055000000000000
0001722107952570106202610    0000085000000000000
0001722108552570106202610    0000055000000000000
0001722108652570106202610    0000055000000000000
0001722108752570106202610    0000055000000000000
0001722111452570106202610    0000055689780000000
0001722114252570106202610    0000123750000000000
0001722116052570106202610    0000144044190000000
0001722116952570106202610    0000085000000000000
0001722117552570106202610    0000055000000000000
0001722118352570106202610    0000085000000000000
0001722119152570106202610    0000143871150000000
0001722120152570106202610    0000035000000000000
0001722120952570106202610    0000335979000000000
0001722121552570106202610    0000300030850000000
0001722121952570106202610    0000085000000000000
0001722127052570106202610    0000035000000000000
0001722128852570106202610    0000085000000000000
0001722130052570106202610    0000143871150000000
0001722131152570106202610    0000300030850000000
0001722132852570106202610    0000252398770000000
0001722134952570106202610    0000085000000000000
0001722135852570106202610    0000054010240000000
0001722141352570106202610    0000055000000000000
0001722143952570106202610    0000327502400000000
0001722145852570106202610    0000055000000000000
0001722146952570106202610    0000085000000000000
0001722154452570106202610    0000085000000000000
0001722156152570106202610    0000035000000000000
0001722156752570106202610    0000085000000000000
0001722161152570106202610    0000329769000000000
0001722165352570106202610    0000085000000000000
0001722166652570106202610    0000110000000000000
0001722168752570106202610    0000085000000000000
0001722169452570106202610    0000085000000000000
0001722170752570106202610    0000054010240000000
0001722172752570106202610    0000229044190000000
0001722176052570106202610    0000035000000000000
0001722181052570106202610    0000167849670000000
0001722183152570106202610    0000143871150000000
0001722206752570106202610    0000252398770000000
0001722211152570106202610    0000035000000000000
0001722212052570106202610    0000055000000000000
0001722214652570106202610    0000144044190000000
0001722214852570106202610    0000085000000000000
0001722223752570106202610    0000055000000000000
0001722238452570106202610    0000352923000000000
0001722242352570106202610    0000085000000000000
0001722256752570106202610    0000401061000000000
