084900100000013000000069405719                                                                                                                                                              
20260901202609302026093000000000000000000000002026090000000350010000230613029000000000600010216                                                                                          02
20260901202609302026093000000000000000000000002026090000000350010000238363029000000000714077170                                                                                          02
20260901202609302026093000000000000000000000002026090000000350010000240653029000000000712221587                                                                                          02
20260901202609302026093000000000000000000000002026090000000350010000241273029000000002902332519                                                                                          02
20260901202609302026093000000000000000000000002026090000000350010000243043029000000002902265213                                                                                          02
20260901202609302026093000000000000000000000002026090000000350010000251843029000000002902458299                                                                                          02
20260901202609302026093000000000000000000000002026090000000350010000255513029000000000714040001                                                                                          02
20260901202609302026093000000000000000000000002026090000000550010000259173029000000000710698404                                                                                          02
20260901202609302026093000000000000000000000002026090000000550010000264693029000000000794946882                                                                                          02
20260901202609302026093000000000000000000000002026090000000550010000269413029000000000710699209                                                                                          02
20260901202609302026093000000000000000000000002026090000000550010000273503029000000000710699112                                                                                          02
20260901202609302026093000000000000000000000002026090000000850010000280953029000000003004151398                                                                                          02
20260901202609302026093000000000000000000000002026090000001440451900292613029000000000714040001                                                                                          02
