084800100000277000001103932130                                                                                                                                                              
20250901202509302025093000000000000000000000002025090000000030126500211745000100000000213332990                                                                                          02
20250901202509302025093000000000000000000000002025090000000350010000229565000100000000213334209                                                                                          02
20250901202509302025093000000000000000000000002025090000000350010000218165000100000000213524589                                                                                          02
20250901202509302025093000000000000000000000002025090000000550010000284945000100000000213530780                                                                                          02
20250901202509302025093000000000000000000000002025090000000550010000263635000100000000213707194                                                                                          02
20250901202509302025093000000000000000000000002025090000000350010000237045000100000000213742365                                                                                          02
20250901202509302025093000000000000000000000002025090000000542809100290305000100000000213916558                                                                                          02
20250901202509302025093000000000000000000000002025090000000350010000218835000100000000214304518                                                                                          02
20250901202509302025093000000000000000000000002025090000000350010000237875000100000000214824753                                                                                          02
20250901202509302025093000000000000000000000002025090000000550010000259985000100000000214928837                                                                                          02
20250901202509302025093000000000000000000000002025090000000350010000229725000100000000214995209                                                                                          02
20250901202509302025093000000000000000000000002025090000000350010000236065000100000000214995794                                                                                          02
20250901202509302025093000000000000000000000002025090000000350010000239415000100000000215177193                                                                                          02
20250901202509302025093000000000000000000000002025090000000030010300204105000100000000215839544                                                                                          02
20250901202509302025093000000000000000000000002025090000000350010000249875000100000000216021916                                                                                          02
20250901202509302025093000000000000000000000002025090000000016063400216195000100000000216138896                                                                                          02
20250901202509302025093000000000000000000000002025090000000550010000265725000100000000217559163                                                                                          02
20250901202509302025093000000000000000000000002025090000000350010000244765000100000000217953909                                                                                          02
20250901202509302025093000000000000000000000002025090000000350010000234175000100000000217979698                                                                                          02
20250901202509302025093000000000000000000000002025090000000544748900287245000100000000218069295                                                                                          02
20250901202509302025093000000000000000000000002025090000000540822000296315000100000000224089292                                                                                          02
20250901202509302025093000000000000000000000002025090000000350010000238695000100000000224645852                                                                                          02
20250901202509302025093000000000000000000000002025090000000610653100296335000100000000224689335                                                                                          02
20250901202509302025093000000000000000000000002025090000000350010000234385000100000000225485451                                                                                          02
20250901202509302025093000000000000000000000002025090000000542430600295995000100000000225813369                                                                                          02
20250901202509302025093000000000000000000000002025090000000030330000208735000100000000225852051                                                                                          02
20250901202509302025093000000000000000000000002025090000000016110000214725000100000000226011340                                                                                          02
20250901202509302025093000000000000000000000002025090000000350010000224555000100000000226056698                                                                                          02
20250901202509302025093000000000000000000000002025090000000541673600289155000100000000226280665                                                                                          02
20250901202509302025093000000000000000000000002025090000000350010000221085000100000000226358475                                                                                          02
20250901202509302025093000000000000000000000002025090000000350010000222295000100000000226445864                                                                                          02
20250901202509302025093000000000000000000000002025090000000350010000225005000100000000226750835                                                                                          02
20250901202509302025093000000000000000000000002025090000000350010000233145000100000000227092865                                                                                          02
20250901202509302025093000000000000000000000002025090000000542194100292065000100000000227243493                                                                                          02
20250901202509302025093000000000000000000000002025090000000350010000236475000100000000227591918                                                                                          02
20250901202509302025093000000000000000000000002025090000000550010000258425000100000000227591918                                                                                          02
20250901202509302025093000000000000000000000002025090000000034696900212215000100000000227792802                                                                                          02
20250901202509302025093000000000000000000000002025090000000350010000244315000100000000227949230                                                                                          02
20250901202509302025093000000000000000000000002025090000000350010000233315000100000000228395250                                                                                          02
20250901202509302025093000000000000000000000002025090000000350010000236255000100000000228600194                                                                                          02
20250901202509302025093000000000000000000000002025090000000350010000220925000100000000229009039                                                                                          02
20250901202509302025093000000000000000000000002025090000000350010000237165000100000000229105422                                                                                          02
20250901202509302025093000000000000000000000002025090000000350010000233295000100000000229347474                                                                                          02
20250901202509302025093000000000000000000000002025090000000350010000225395000100000000229467160                                                                                          02
20250901202509302025093000000000000000000000002025090000000025561900201675000100000000229476251                                                                                          02
20250901202509302025093000000000000000000000002025090000000033736700215115000100000000230264789                                                                                          02
20250901202509302025093000000000000000000000002025090000000550010000266095000100000000230305333                                                                                          02
20250901202509302025093000000000000000000000002025090000000350010000234415000100000000231707295                                                                                          02
20250901202509302025093000000000000000000000002025090000000350010000246055000100000000231764256                                                                                          02
20250901202509302025093000000000000000000000002025090000000350010000233375000100000000232061704                                                                                          02
20250901202509302025093000000000000000000000002025090000000542099400287495000100000000232065021                                                                                          02
20250901202509302025093000000000000000000000002025090000000350010000250535000100000000232095294                                                                                          02
20250901202509302025093000000000000000000000002025090000000016035800213365000100000000232708485                                                                                          02
20250901202509302025093000000000000000000000002025090000000350010000243175000100000000232709096                                                                                          02
20250901202509302025093000000000000000000000002025090000000350010000253835000100000000232739851                                                                                          02
20250901202509302025093000000000000000000000002025090000000550010000266035000100000000233018923                                                                                          02
20250901202509302025093000000000000000000000002025090000000350010000247515000100000000233672060                                                                                          02
20250901202509302025093000000000000000000000002025090000000350010000247775000100000000233782432                                                                                          02
20250901202509302025093000000000000000000000002025090000000350010000244285000100000000234076883                                                                                          02
20250901202509302025093000000000000000000000002025090000000408343300253525000100000000234226800                                                                                          02
20250901202509302025093000000000000000000000002025090000000350010000224995000100000000234716086                                                                                          02
20250901202509302025093000000000000000000000002025090000000550010000259665000100000000235169196                                                                                          02
20250901202509302025093000000000000000000000002025090000000350010000254715000100000000235217803                                                                                          02
20250901202509302025093000000000000000000000002025090000000350010000233005000100000000235791129                                                                                          02
20250901202509302025093000000000000000000000002025090000000350010000233205000100000000236456176                                                                                          02
20250901202509302025093000000000000000000000002025090000000350010000236345000100000000237343968                                                                                          02
20250901202509302025093000000000000000000000002025090000000253644300287335000100000000237398152                                                                                          02
20250901202509302025093000000000000000000000002025090000000350010000224145000100000000237547558                                                                                          02
20250901202509302025093000000000000000000000002025090000000350010000235935000100000000239900454                                                                                          02
20250901202509302025093000000000000000000000002025090000000350010000250545000100000000239912154                                                                                          02
20250901202509302025093000000000000000000000002025090000000350010000255045000100000000240022833                                                                                          02
20250901202509302025093000000000000000000000002025090000000350010000233945000100000000240541972                                                                                          02
20250901202509302025093000000000000000000000002025090000000350010000249865000100000000242478462                                                                                          02
20250901202509302025093000000000000000000000002025090000000350010000237505000100000000243079494                                                                                          02
20250901202509302025093000000000000000000000002025090000000350010000234125000100000000243829069                                                                                          02
20250901202509302025093000000000000000000000002025090000000550010000262365000100000000244779719                                                                                          02
20250901202509302025093000000000000000000000002025090000000350010000250235000100000000244807955                                                                                          02
20250901202509302025093000000000000000000000002025090000000350010000237105000100000000244813176                                                                                          02
20250901202509302025093000000000000000000000002025090000000350010000245985000100000000244816561                                                                                          02
20250901202509302025093000000000000000000000002025090000000350010000233545000100000000244850927                                                                                          02
20250901202509302025093000000000000000000000002025090000000350010000229685000100000000244857338                                                                                          02
20250901202509302025093000000000000000000000002025090000000350010000236995000100000000244857532                                                                                          02
20250901202509302025093000000000000000000000002025090000000350010000237495000100000000244863238                                                                                          02
20250901202509302025093000000000000000000000002025090000000350010000238885000100000000246211223                                                                                          02
20250901202509302025093000000000000000000000002025090000000350010000254765000100000000246943140                                                                                          02
20250901202509302025093000000000000000000000002025090000000030780000215345000100000000246943334                                                                                          02
20250901202509302025093000000000000000000000002025090000000350010000239365000100000000250127818                                                                                          02
20250901202509302025093000000000000000000000002025090000000350010000220995000100000000250129234                                                                                          02
20250901202509302025093000000000000000000000002025090000000350010000225195000100000000250179493                                                                                          02
20250901202509302025093000000000000000000000002025090000000017910000202545000100000000251312421                                                                                          02
20250901202509302025093000000000000000000000002025090000000543849900287505000100000000252927161                                                                                          02
20250901202509302025093000000000000000000000002025090000000542383300287455000100000000252930840                                                                                          02
20250901202509302025093000000000000000000000002025090000000350010000220365000100000000254242012                                                                                          02
20250901202509302025093000000000000000000000002025090000000350010000234145000100000000254243984                                                                                          02
20250901202509302025093000000000000000000000002025090000000350010000233565000100000000254832356                                                                                          02
20250901202509302025093000000000000000000000002025090000000350010000252245000100000000255353286                                                                                          02
20250901202509302025093000000000000000000000002025090000000550010000272285000100000000256002246                                                                                          02
20250901202509302025093000000000000000000000002025090000000550010000263545000100000000256006242                                                                                          02
20250901202509302025093000000000000000000000002025090000000350010000234315000100000000256499531                                                                                          02
20250901202509302025093000000000000000000000002025090000000350010000233995000100000000257134796                                                                                          02
20250901202509302025093000000000000000000000002025090000000350010000224035000100000000257136891                                                                                          02
20250901202509302025093000000000000000000000002025090000000350010000237205000100000000257228011                                                                                          02
20250901202509302025093000000000000000000000002025090000000350010000253845000100000000258909737                                                                                          02
20250901202509302025093000000000000000000000002025090000000350010000234405000100000000258916539                                                                                          02
20250901202509302025093000000000000000000000002025090000000350010000234395000100000000259015130                                                                                          02
20250901202509302025093000000000000000000000002025090000000350010000231485000100000000259184270                                                                                          02
20250901202509302025093000000000000000000000002025090000000550010000264485000100000000259331872                                                                                          02
20250901202509302025093000000000000000000000002025090000000350010000223525000100000000259332095                                                                                          02
20250901202509302025093000000000000000000000002025090000000350010000236595000100000000259761621                                                                                          02
20250901202509302025093000000000000000000000002025090000000350010000217395000100000000259768032                                                                                          02
20250901202509302025093000000000000000000000002025090000000350010000233865000100000000261369963                                                                                          02
20250901202509302025093000000000000000000000002025090000000350010000233475000100000000261532197                                                                                          02
20250901202509302025093000000000000000000000002025090000000350010000233975000100000000261815763                                                                                          02
20250901202509302025093000000000000000000000002025090000000350010000222155000100000000263527872                                                                                          02
20250901202509302025093000000000000000000000002025090000000544228400296295000100000000264295170                                                                                          02
20250901202509302025093000000000000000000000002025090000000542430600296285000100000000264295849                                                                                          02
20250901202509302025093000000000000000000000002025090000000641168700289805000100000000264304319                                                                                          02
20250901202509302025093000000000000000000000002025090000000350010000221185000100000000266423000                                                                                          02
20250901202509302025093000000000000000000000002025090000000550010000273845000100000000266429967                                                                                          02
20250901202509302025093000000000000000000000002025090000000350010000234275000100000000266433190                                                                                          02
20250901202509302025093000000000000000000000002025090000000350010000223665000100000000266433869                                                                                          02
20250901202509302025093000000000000000000000002025090000000542099400289695000100000000268054202                                                                                          02
20250901202509302025093000000000000000000000002025090000000350010000228445000100000000269307107                                                                                          02
20250901202509302025093000000000000000000000002025090000000350010000229125000100000000270229514                                                                                          02
20250901202509302025093000000000000000000000002025090000000350010000225415000100000000270236998                                                                                          02
20250901202509302025093000000000000000000000002025090000000350010000255405000100000000271093295                                                                                          02
20250901202509302025093000000000000000000000002025090000000350010000240835000100000000271168496                                                                                          02
20250901202509302025093000000000000000000000002025090000000350010000222965000100000000271168787                                                                                          02
20250901202509302025093000000000000000000000002025090000000350010000252035000100000000271856054                                                                                          02
20250901202509302025093000000000000000000000002025090000000545080000289085000100000000271860247                                                                                          02
20250901202509302025093000000000000000000000002025090000000350010000237015000100000000271862633                                                                                          02
20250901202509302025093000000000000000000000002025090000000543518800287525000100000000273225606                                                                                          02
20250901202509302025093000000000000000000000002025090000000018490000214515000100000000273226023                                                                                          02
20250901202509302025093000000000000000000000002025090000000350010000235805000100000000273227701                                                                                          02
20250901202509302025093000000000000000000000002025090000000350010000220865000100000000273229117                                                                                          02
20250901202509302025093000000000000000000000002025090000000350010000243295000100000000273242889                                                                                          02
20250901202509302025093000000000000000000000002025090000000350010000218185000100000000273244302                                                                                          02
20250901202509302025093000000000000000000000002025090000000350010000244215000100000000273245204                                                                                          02
20250901202509302025093000000000000000000000002025090000000350010000252235000100000000273246982                                                                                          02
20250901202509302025093000000000000000000000002025090000000350010000244095000100000000273258779                                                                                          02
20250901202509302025093000000000000000000000002025090000000350010000223875000100000000273835063                                                                                          02
20250901202509302025093000000000000000000000002025090000000350010000249685000100000000273838448                                                                                          02
20250901202509302025093000000000000000000000002025090000000350010000238435000100000000273839156                                                                                          02
20250901202509302025093000000000000000000000002025090000000850010000278865000100000000273850927                                                                                          02
20250901202509302025093000000000000000000000002025090000000350010000247855000100000000274571063                                                                                          02
20250901202509302025093000000000000000000000002025090000000350010000233535000100000000274579152                                                                                          02
20250901202509302025093000000000000000000000002025090000000350010000251925000100000000274582637                                                                                          02
20250901202509302025093000000000000000000000002025090000000350010000256105000100000000275456563                                                                                          02
20250901202509302025093000000000000000000000002025090000000350010000236205000100000000275457756                                                                                          02
20250901202509302025093000000000000000000000002025090000000350010000250505000100000000275462851                                                                                          02
20250901202509302025093000000000000000000000002025090000000350010000253465000100000000276222406                                                                                          02
20250901202509302025093000000000000000000000002025090000000350010000247175000100000000276226208                                                                                          02
20250901202509302025093000000000000000000000002025090000000350010000238465000100000000277095275                                                                                          02
20250901202509302025093000000000000000000000002025090000000541058600294855000100000000277099659                                                                                          02
20250901202509302025093000000000000000000000002025090000000350010000233265000100000000278732254                                                                                          02
20250901202509302025093000000000000000000000002025090000000550010000263285000100000000278741539                                                                                          02
20250901202509302025093000000000000000000000002025090000000541011300287035000100000000278742150                                                                                          02
20250901202509302025093000000000000000000000002025090000000541768300286675000100000000278743634                                                                                          02
20250901202509302025093000000000000000000000002025090000000350010000255175000100000000279903253                                                                                          02
20250901202509302025093000000000000000000000002025090000000016047100208565000100000000279913343                                                                                          02
20250901202509302025093000000000000000000000002025090000000350010000238155000100000000281229122                                                                                          02
20250901202509302025093000000000000000000000002025090000000350010000252545000100000000281251694                                                                                          02
20250901202509302025093000000000000000000000002025090000000016400100202955000100000000283176193                                                                                          02
20250901202509302025093000000000000000000000002025090000000350010000244065000100000000283190670                                                                                          02
20250901202509302025093000000000000000000000002025090000000541105900291655000100000000283840836                                                                                          02
20250901202509302025093000000000000000000000002025090000000350010000222135000100000000284512100                                                                                          02
20250901202509302025093000000000000000000000002025090000000016309200203205000100000000284513587                                                                                          02
20250901202509302025093000000000000000000000002025090000000550010000273725000100000000284516293                                                                                          02
20250901202509302025093000000000000000000000002025090000000032810000214625000100000000285476742                                                                                          02
20250901202509302025093000000000000000000000002025090000000350010000237575000100000000285478643                                                                                          02
20250901202509302025093000000000000000000000002025090000000350010000253795000100000000285486541                                                                                          02
20250901202509302025093000000000000000000000002025090000000350010000243215000100000000287102231                                                                                          02
20250901202509302025093000000000000000000000002025090000000350010000229525000100000000287105131                                                                                          02
20250901202509302025093000000000000000000000002025090000000550010000257845000100000000287108419                                                                                          02
20250901202509302025093000000000000000000000002025090000000550010000260725000100000000287934333                                                                                          02
20250901202509302025093000000000000000000000002025090000000014470400202435000100000000287934624                                                                                          02
20250901202509302025093000000000000000000000002025090000000542809100291925000100000000288461163                                                                                          02
20250901202509302025093000000000000000000000002025090000000350010000255085000100000000288470060                                                                                          02
20250901202509302025093000000000000000000000002025090000000350010000252735000100000000288971305                                                                                          02
20250901202509302025093000000000000000000000002025090000000350010000218195000100000000289676130                                                                                          02
20250901202509302025093000000000000000000000002025090000000350010000235755000100000000289678613                                                                                          02
20250901202509302025093000000000000000000000002025090000000350010000253575000100000000289679515                                                                                          02
20250901202509302025093000000000000000000000002025090000000350010000244955000100000000289686608                                                                                          02
20250901202509302025093000000000000000000000002025090000000550010000260465000100000000290642278                                                                                          02
20250901202509302025093000000000000000000000002025090000000350010000253405000100000000290644858                                                                                          02
20250901202509302025093000000000000000000000002025090000000350010000248225000100000000290653658                                                                                          02
20250901202509302025093000000000000000000000002025090000000350010000245925000100000000290662167                                                                                          02
20250901202509302025093000000000000000000000002025090000000350010000243145000100000000291609199                                                                                          02
20250901202509302025093000000000000000000000002025090000000550010000259225000100000000291623870                                                                                          02
20250901202509302025093000000000000000000000002025090000000550010000276275000100000000292562655                                                                                          02
20250901202509302025093000000000000000000000002025090000000350010000244605000100000000293278860                                                                                          02
20250901202509302025093000000000000000000000002025090000000552791700286805000100000000293280376                                                                                          02
20250901202509302025093000000000000000000000002025090000000032160000211435000100000000293281278                                                                                          02
20250901202509302025093000000000000000000000002025090000000542430600296255000100000000293283179                                                                                          02
20250901202509302025093000000000000000000000002025090000000350010000233365000100000000293291271                                                                                          02
20250901202509302025093000000000000000000000002025090000000550010000272875000100000000293298458                                                                                          02
20250901202509302025093000000000000000000000002025090000000550010000275125000100000000294828935                                                                                          02
20250901202509302025093000000000000000000000002025090000000540869400286695000100000000294893894                                                                                          02
20250901202509302025093000000000000000000000002025090000000350010000235365000100000000295366660                                                                                          02
20250901202509302025093000000000000000000000002025090000000350010000250475000100000000295978500                                                                                          02
20250901202509302025093000000000000000000000002025090000000350010000253185000100000000295986204                                                                                          02
20250901202509302025093000000000000000000000002025090000000031317200211935000100000000295992883                                                                                          02
20250901202509302025093000000000000000000000002025090000000350010000233695000100000000296256673                                                                                          02
20250901202509302025093000000000000000000000002025090000000350010000236915000100000000296259864                                                                                          02
20250901202509302025093000000000000000000000002025090000000350010000221935000100000000296950034                                                                                          02
20250901202509302025093000000000000000000000002025090000000350010000220755000100000000297478733                                                                                          02
20250901202509302025093000000000000000000000002025090000001441797700291475000100000000297492919                                                                                          02
20250901202509302025093000000000000000000000002025090000000540112400286605000100000000297495819                                                                                          02
20250901202509302025093000000000000000000000002025090000000350010000238585000100000000298837723                                                                                          02
20250901202509302025093000000000000000000000002025090000000350010000245355000100000000298838140                                                                                          02
20250901202509302025093000000000000000000000002025090000000350010000229815000100000000298841043                                                                                          02
20250901202509302025093000000000000000000000002025090000000350010000243935000100000000298849326                                                                                          02
20250901202509302025093000000000000000000000002025090000000562869000296495000100000000299438464                                                                                          02
20250901202509302025093000000000000000000000002025090000000550010000257755000100000000299447361                                                                                          02
20250901202509302025093000000000000000000000002025090000000350010000245385000100000000300540097                                                                                          02
20250901202509302025093000000000000000000000002025090000000550010000265875000100000000300823663                                                                                          02
20250901202509302025093000000000000000000000002025090000001440451900290995000100000000301341887                                                                                          02
20250901202509302025093000000000000000000000002025090000000542194100288795000100000000302534870                                                                                          02
20250901202509302025093000000000000000000000002025090000000350010000234055000100000000302537285                                                                                          02
20250901202509302025093000000000000000000000002025090000000350010000222405000100000000303173585                                                                                          02
20250901202509302025093000000000000000000000002025090000000850010000278555000100000000303175389                                                                                          02
20250901202509302025093000000000000000000000002025090000000350010000225405000100000000303566553                                                                                          02
20250901202509302025093000000000000000000000002025090000000350010000240975000100000000303567358                                                                                          02
20250901202509302025093000000000000000000000002025090000000016074500212365000100000000303952043                                                                                          02
20250901202509302025093000000000000000000000002025090000000550010000257085000100000000304261097                                                                                          02
20250901202509302025093000000000000000000000002025090000000350010000245295000100000000304262290                                                                                          02
20250901202509302025093000000000000000000000002025090000000550010000258095000100000000304546273                                                                                          02
20250901202509302025093000000000000000000000002025090000000350010000228475000100000000305071784                                                                                          02
20250901202509302025093000000000000000000000002025090000000850010000284215000100000000305083290                                                                                          02
20250901202509302025093000000000000000000000002025090000000350010000224085000100000000305608190                                                                                          02
20250901202509302025093000000000000000000000002025090000000550010000263615000100000000305618862                                                                                          02
20250901202509302025093000000000000000000000002025090000000350010000253375000100000000306623178                                                                                          02
20250901202509302025093000000000000000000000002025090000000550010000257515000100000000307337773                                                                                          02
20250901202509302025093000000000000000000000002025090000000350010000223385000100000000308369456                                                                                          02
20250901202509302025093000000000000000000000002025090000000014210000201865000100000000308370749                                                                                          02
20250901202509302025093000000000000000000000002025090000000542903700291875000100000000308618853                                                                                          02
20250901202509302025093000000000000000000000002025090000000541531700292495000100000000308621950                                                                                          02
20250901202509302025093000000000000000000000002025090000000350010000233815000100000000310626774                                                                                          02
20250901202509302025093000000000000000000000002025090000000350010000223475000100000000312858824                                                                                          02
20250901202509302025093000000000000000000000002025090000000546168200287545000100000000312860728                                                                                          02
20250901202509302025093000000000000000000000002025090000000350010000233465000100000000313210132                                                                                          02
20250901202509302025093000000000000000000000002025090000000550010000259075000100000000314059013                                                                                          02
20250901202509302025093000000000000000000000002025090000000350010000223105000100000000314059110                                                                                          02
20250901202509302025093000000000000000000000002025090000000350010000240635000100000000314381849                                                                                          02
20250901202509302025093000000000000000000000002025090000000550010000263125000100000000314382072                                                                                          02
20250901202509302025093000000000000000000000002025090000000350010000245035000100000000314382557                                                                                          02
20250901202509302025093000000000000000000000002025090000000550010000259215000100000000314382848                                                                                          02
20250901202509302025093000000000000000000000002025090000000350010000254985000100000000314665929                                                                                          02
20250901202509302025093000000000000000000000002025090000000350010000233855000100000000326617761                                                                                          02
20250901202509302025093000000000000000000000002025090000000350010000224855000100000000327066390                                                                                          02
20250901202509302025093000000000000000000000002025090000000350010000231335000100000000327836145                                                                                          02
20250901202509302025093000000000000000000000002025090000000550010000274325000100000000328336187                                                                                          02
20250901202509302025093000000000000000000000002025090000000550010000263145000100000000328336187                                                                                          02
20250901202509302025093000000000000000000000002025090000000350010000224235000100000000328654633                                                                                          02
20250901202509302025093000000000000000000000002025090000000350010000252055000100000000328656243                                                                                          02
20250901202509302025093000000000000000000000002025090000000542856400290005000100000000329109702                                                                                          02
20250901202509302025093000000000000000000000002025090000000550010000258245000100000000331541866                                                                                          02
20250901202509302025093000000000000000000000002025090000000350010000237605000100000000335836732                                                                                          02
20250901202509302025093000000000000000000000002025090000000550010000267335000100000000348288157                                                                                          02
20250901202509302025093000000000000000000000002025090000000653327600287255000100000000349261369                                                                                          02
20250901202509302025093000000000000000000000002025090000000350010000248475000100000000350202530                                                                                          02
20250901202509302025093000000000000000000000002025090000000350010000250065000100000000350855829                                                                                          02
20250901202509302025093000000000000000000000002025090000000850010000284895000100000000351511594                                                                                          02
20250901202509302025093000000000000000000000002025090000000550010000265595000100000000352229503                                                                                          02
20250901202509302025093000000000000000000000002025090000000550010000265985000100000000354153979                                                                                          02
20250901202509302025093000000000000000000000002025090000000541579000286905000100000000354433869                                                                                          02
20250901202509302025093000000000000000000000002025090000000484968500276985000100000000355412493                                                                                          02
20250901202509302025093000000000000000000000002025090000000350010000230285000100000000359071088                                                                                          02
20250901202509302025093000000000000000000000002025090000000350010000242885000100000000361078686                                                                                          02
20250901202509302025093000000000000000000000002025090000000550010000274585000100000000368634449                                                                                          02
20250901202509302025093000000000000000000000002025090000000175010000000625000100000000231705491                                                                                          02
20250901202509302025093000000000000000000000002025090000000700010000000135000100000000258906740                                                                                          02
20250901202509302025093000000000000000000000002025090000000350010000001035000100000000298853228                                                                                          02
20250901202509302025093000000000000000000000002025090000000350010000000475000100000000331680539                                                                                          02
20250901202509302025093000000000000000000000002025090000001100010000001095000100000000361078880                                                                                          02
20250901202509302025093000000000000000000000002025090000000990380400000755000100000000365100234                                                                                          02
20250901202509302025093000000000000000000000002025090000000550010000001065000100000000368633256                                                                                          02
