308480012025120120251231202512123210001150002179796985202511000000035001000023417202512120                                                                                                                        00000
308480012025120120251231202512163210001150002336720600202511000000035001000024751202512160                                                                                                                        00000
308480012025120120251231202512183210001150002664230006202511000000035001000022118202512180                                                                                                                        00000
308480012025120120251231202512193210001150002889630199202511000000035001000022083202512190                                                                                                                        00000
308480012025120120251231202512183210001150003106267743202511000000035001000023381202512180                                                                                                                        00000
308480012025120120251231202512223210001150002664299672202511000000055001000027384202512220                                                                                                                        00000
308480012025120120251231202512093210001150002664331907202511000000035001000023427202512090                                                                                                                        00000
308480012025120120251231202512163210001150002664338694202511000000035001000022366202512160                                                                                                                        00000
308480012025120120251231202512113210001150002680542028202511000000054209940028969202512110                                                                                                                        00000
308480012025120120251231202512123210001150002693071078202511000000035001000022844202512120                                                                                                                        00000
308480012025120120251231202512183210001150002702295149202511000000035001000022912202512180                                                                                                                        00000
308480012025120120251231202512233210001150002702369985202511000000035001000022541202512230                                                                                                                        00000
308480012025120120251231190001013210001150002710898787202511000000000000000022392190001010Cuentas sin saldo entre 2025/12/01 y 2025/12/31                                                                         00000
308480012025120120251231202512123210001150002710932957202511000000035001000025540202512120                                                                                                                        00000
308480012025120120251231202512183210001150002711684963202511000000035001000024083202512180                                                                                                                        00000
308480012025120120251231202512233210001150002711687870202511000000035001000022296202512230                                                                                                                        00000
308480012025120120251231202512173210001150002718560545202511000000035001000025203202512170                                                                                                                        00000
308480012025120120251231202512173210001150002718602474202511000000054508000028908202512170                                                                                                                        00000
308480012025120120251231202512113210001150002718626331202511000000035001000023701202512110                                                                                                                        00000
308480012025120120251231202512103210001150002732256062202511000000054351880028752202512100                                                                                                                        00000
308480012025120120251231202512183210001150002732260232202511000000001849000021451202512180                                                                                                                        00000
308480012025120120251231202512233210001150002732277012202511000000035001000023580202512230                                                                                                                        00000
308480012025120120251231202512233210001150002732291177202511000000035001000022086202512230                                                                                                                        00000
308480012025120120251231202512193210001150002732428892202511000000035001000024329202512190                                                                                                                        00000
308480012025120120251231202512153210001150002732443028202511000000035001000021818202512150                                                                                                                        00000
308480012025120120251231202512103210001150002889713056202511000000035001000025273202512100                                                                                                                        00000
308480012025120120251231202512153210001150002896761303202511000000035001000021819202512150                                                                                                                        00000
308480012025120120251231202512163210001150002896786133202511000000035001000023575202512160                                                                                                                        00000
308480012025120120251231202512223210001150002896795155202511000000035001000025357202512220                                                                                                                        00000
308480012025120120251231202512193210001150002896866084202511000000035001000024495202512190                                                                                                                        00000
308480012025120120251231190001013210001150002906422787202511000000000000000026046190001010Cuentas sin saldo entre 2025/12/01 y 2025/12/31                                                                         00000
308480012025120120251231202512113210001150002906448589202511000000035001000025340202512110                                                                                                                        00000
308480012025120120251231202512173210001150002906536589202511000000035001000024822202512170                                                                                                                        00000
308480012025120120251231190001013210001150002906621672202511000000000000000024592190001010Cuentas sin saldo entre 2025/12/01 y 2025/12/31                                                                         00000
308480012025120120251231202512123210001150002916091991202511000000035001000024314202512120                                                                                                                        00000
308480012025120120251231202512193210001150002916238709202511000000055001000025922202512190                                                                                                                        00000
308480012025120120251231202512183210001150002932788600202511000000035001000024460202512180                                                                                                                        00000
308480012025120120251231202512233210001150002932803765202511000000055279170028680202512230                                                                                                                        00000
308480012025120120251231190001013210001150002932831793202511000000000000000029625190001010                                                                                                                        00000
308480012025120120251231202512223210001150002932912715202511000000035001000023336202512220                                                                                                                        00000
308480012025120120251231202512163210001150002932984589202511000000055001000027287202512160                                                                                                                        00000
308480012025120120251231202512033210001150002948289353202511000000055001000027512202512030                                                                                                                        00000
308480012025120120251231202512173210001150002948938941202511000000054086940028669202512170                                                                                                                        00000
308480012025120120251231202512173210001150002953666600202511000000035001000023536202512170                                                                                                                        00000
308480012025120120251231202512033210001150002959785006202511000000035001000025047202512030                                                                                                                        00000
308480012025120120251231202512093210001150003128588248202511000000035001000022347202512090                                                                                                                        00000
308480012025120120251231202512033210001150003128607282202511000000054616820028754202512030                                                                                                                        00000
308480012025120120251231202512223210001150003132101325202511000000035001000023346202512220                                                                                                                        00000
308480012025120120251231202512173210001150003140590133202511000000055001000025907202512170                                                                                                                        00000
308480012025120120251231202512033210001150003140591105202511000000035001000022310202512030                                                                                                                        00000
308480012025120120251231202512183210001150003143818496202511000000035001000024063202512180                                                                                                                        00000
308480012025120120251231202512163210001150003143820721202511000000055001000026312202512160                                                                                                                        00000
308480012025120120251231202512193210001150003143825573202511000000035001000024503202512190                                                                                                                        00000
308480012025120120251231202512153210001150003146659298202511000000035001000025498202512150                                                                                                                        00000
308480012025120120251231202512173210001150003266177616202511000000035001000023385202512170                                                                                                                        00000
308480012025120120251231202512233210001150003270663907202511000000035001000022485202512230                                                                                                                        00000
308480012025120120251231202512163210001150003278361452202511000000035001000023133202512160                                                                                                                        00000
308480012025120120251231202512103210001150003283361870202511000000055001000026314202512100                                                                                                                        00000
308480012025120120251231202512103210001150003283361870202511000000055001000027432202512100                                                                                                                        00000
308480012025120120251231202512183210001150003286546331202511000000035001000022423202512180                                                                                                                        00000
308480012025120120251231202512163210001150003286562430202511000000035001000025205202512160                                                                                                                        00000
308480012025120120251231202512113210001150003291097028202511000000054285640029000202512110                                                                                                                        00000
308480012025120120251231202512183210001150003315418666202511000000055001000025824202512180                                                                                                                        00000
308480012025120120251231202512233210001150003316805397202511000000035001000000047202512230                                                                                                                        00000
308480012025120120251231202512153210001150003321472111202511000000035001000025207202512150                                                                                                                        00000
308480012025120120251231202512123210001150002643043199202511000000064116870028980202512120                                                                                                                        00000
308480012025120120251231202512223210001150002732452040202511000000035001000024421202512220                                                                                                                        00000
308480012025120120251231202512193210001150002959862040202511000000035001000025318202512190                                                                                                                        00000
308480012025120120251231202512173210001150003358367325202511000000035001000023760202512170                                                                                                                        00000
308480012025120120251231202512193210001150002180692957202511000000054474890028724202512190                                                                                                                        00000
308480012025120120251231202512173210001150002240892929202511000000054082200029631202512170                                                                                                                        00000
308480012025120120251231202512233210001150002246458523202511000000035001000023869202512230                                                                                                                        00000
308480012025120120251231202512113210001150002246893353202511000000061065310029633202512110                                                                                                                        00000
308480012025120120251231202512173210001150002254854517202511000000035001000023438202512170                                                                                                                        00000
308480012025120120251231202512173210001150002258133694202511000000054243060029599202512170                                                                                                                        00000
308480012025120120251231202512123210001150002258520517202511000000001597200020873202512120                                                                                                                        00000
308480012025120120251231190001013210001150002260113402202511000000000000000021472190001010Cuentas sin saldo entre 2025/12/01 y 2025/12/31                                                                         00000
308480012025120120251231202512113210001150002260566985202511000000035001000022455202512110                                                                                                                        00000
308480012025120120251231190001013210001150002262806650202511000000000000000028915190001010Cuentas sin saldo entre 2025/12/01 y 2025/12/31                                                                         00000
308480012025120120251231202512233210001150002263584759202511000000035001000022108202512230                                                                                                                        00000
308480012025120120251231202512233210001150002264456709202511000000035001000024071202512230                                                                                                                        00000
308480012025120120251231202512033210001150002264458644202511000000035001000022229202512030                                                                                                                        00000
308480012025120120251231202512173210001150002267071842202511000000143872150029423202512170                                                                                                                        00000
308480012025120120251231190001013210001150002267508353202511000000000000000022500190001010La Cuenta No tiene Un estado Valido de Tipo de Bloqueo para la Transaccion                                              00000
308480012025120120251231202512173210001150002270928650202511000000035001000023314202512170                                                                                                                        00000
308480012025120120251231202512233210001150002272434935202511000000054219410029206202512230                                                                                                                        00000
308480012025120120251231202512033210001150002275919183202511000000035001000023647202512030                                                                                                                        00000
308480012025120120251231202512033210001150002275919183202511000000055001000025842202512030                                                                                                                        00000
308480012025120120251231202512183210001150002277928028202511000000001868770021221202512180                                                                                                                        00000
308480012025120120251231202512223210001150002337824325202511000000035001000024777202512220                                                                                                                        00000
308480012025120120251231202512153210001150002340768836202511000000035001000024428202512150                                                                                                                        00000
308480012025120120251231202512183210001150002342268006202511000000040834330025352202512180                                                                                                                        00000
308480012025120120251231202512183210001150002347160864202511000000035001000022499202512180                                                                                                                        00000
308480012025120120251231202512173210001150002351691963202511000000055001000025966202512170                                                                                                                        00000
308480012025120120251231202512163210001150002351961787202511000000030001000029665202512160                                                                                                                        00000
308480012025120120251231202512163210001150002352178034202511000000035001000025471202512160                                                                                                                        00000
308480012025120120251231202512033210001150002357911298202511000000035001000023300202512030                                                                                                                        00000
308480012025120120251231202512163210001150002364561765202511000000035001000023320202512160                                                                                                                        00000
308480012025120120251231202512153210001150002373439688202511000000035001000023634202512150                                                                                                                        00000
308480012025120120251231202512173210001150002373981523202511000000025364430028733202512170                                                                                                                        00000
308480012025120120251231202512223210001150002375475589202511000000035001000022414202512220                                                                                                                        00000
308480012025120120251231202512193210001150002399004545202511000000035001000023593202512190                                                                                                                        00000
308480012025120120251231202512173210001150002399121545202511000000035001000025054202512170                                                                                                                        00000
308480012025120120251231202512113210001150002400228331202511000000035001000025504202512110                                                                                                                        00000
308480012025120120251231202512033210001150002405419721202511000000035001000023394202512030                                                                                                                        00000
308480012025120120251231202512193210001150002416850551202511000000085001000028278202512190                                                                                                                        00000
308480012025120120251231202512123210001150002424784622202511000000035001000024986202512120                                                                                                                        00000
308480012025120120251231202512163210001150002430794941202511000000035001000023750202512160                                                                                                                        00000
308480012025120120251231202512233210001150002438290694202511000000035001000023412202512230                                                                                                                        00000
308480012025120120251231202512233210001150002732469820202511000000035001000025223202512230                                                                                                                        00000
308480012025120120251231190001013210001150002732587793202511000000000000000024409190001010Cuentas sin saldo entre 2025/12/01 y 2025/12/31                                                                         00000
308480012025120120251231202512123210001150002738350638202511000000035001000022387202512120                                                                                                                        00000
308480012025120120251231202512183210001150002738384480202511000000035001000024968202512180                                                                                                                        00000
308480012025120120251231202512193210001150002738391567202511000000035001000023843202512190                                                                                                                        00000
308480012025120120251231202512093210001150002738509276202511000000085001000027886202512090                                                                                                                        00000
308480012025120120251231202512163210001150002745710638202511000000035001000024785202512160                                                                                                                        00000
308480012025120120251231202512093210001150002745791523202511000000035001000023353202512090                                                                                                                        00000
308480012025120120251231202512113210001150002745826375202511000000035001000025192202512110                                                                                                                        00000
308480012025120120251231202512113210001150002754565638202511000000035001000025610202512110                                                                                                                        00000
308480012025120120251231202512233210001150002754577567202511000000035001000023620202512230                                                                                                                        00000
308480012025120120251231202512093210001150002754628517202511000000035001000025050202512090                                                                                                                        00000
308480012025120120251231202512183210001150002762224062202511000000035001000025346202512180                                                                                                                        00000
308480012025120120251231202512123210001150002762262084202511000000035001000024717202512120                                                                                                                        00000
308480012025120120251231202512123210001150002770952759202511000000035001000023846202512120                                                                                                                        00000
308480012025120120251231202512193210001150002770996595202511000000054105860029485202512190                                                                                                                        00000
308480012025120120251231202512123210001150002771010397202511000000035001000023216202512120                                                                                                                        00000
308480012025120120251231202512173210001150002787415397202511000000055001000026328202512170                                                                                                                        00000
308480012025120120251231202512223210001150002787421501202511000000054101130028703202512220                                                                                                                        00000
308480012025120120251231202512173210001150002787436347202511000000054176830028667202512170                                                                                                                        00000
308480012025120120251231202512123210001150002884700600202511000000035001000025508202512120                                                                                                                        00000
308480012025120120251231202512233210001150002959928836202511000000003131720021193202512230                                                                                                                        00000
308480012025120120251231202512103210001150002962566737202511000000035001000023369202512100                                                                                                                        00000
308480012025120120251231202512093210001150002962598644202511000000035001000023691202512090                                                                                                                        00000
308480012025120120251231202512193210001150002969500347202511000000035001000022193202512190                                                                                                                        00000
308480012025120120251231202512183210001150002974787331202511000000035001000022075202512180                                                                                                                        00000
308480012025120120251231202512183210001150002974929199202511000000144179770029147202512180                                                                                                                        00000
308480012025120120251231202512123210001150002974958199202511000000054011240028660202512120                                                                                                                        00000
308480012025120120251231202512153210001150002988377232202511000000035001000023858202512150                                                                                                                        00000
308480012025120120251231202512183210001150002988381402202511000000035001000024535202512180                                                                                                                        00000
308480012025120120251231202512223210001150002988410430202511000000035001000022981202512220                                                                                                                        00000
308480012025120120251231202512223210001150002988493260202511000000035001000024393202512220                                                                                                                        00000
308480012025120120251231202512193210001150002988532282202511000000035001000000103202512190                                                                                                                        00000
308480012025120120251231202512033210001150002994384644202511000000056286900029649202512030                                                                                                                        00000
308480012025120120251231202512113210001150002994406595202511000000055001000025876202512110                                                                                                                        00000
308480012025120120251231202512173210001150002994473616202511000000055001000025775202512170                                                                                                                        00000
308480012025120120251231202512223210001150003005400979202511000000035001000024538202512220                                                                                                                        00000
308480012025120120251231202512183210001150003008236638202511000000055001000026587202512180                                                                                                                        00000
308480012025120120251231202512183210001150003013418870202511000000144045190029099202512180                                                                                                                        00000
308480012025120120251231202512123210001150003025348709202511000000054219410028879202512120                                                                                                                        00000
308480012025120120251231202512183210001150003025372858202511000000035001000023405202512180                                                                                                                        00000
308480012025120120251231190001013210001150003367096595202511000000000000000025330190001010                                                                                                                        00000
308480012025120120251231202512183210001150003482881573202511000000055001000026733202512180                                                                                                                        00000
308480012025120120251231202512123210001150003492613694202511000000065332760028725202512120                                                                                                                        00000
308480012025120120251231202512183210001150003502025303202511000000035001000024847202512180                                                                                                                        00000
308480012025120120251231202512183210001150003508558298202511000000035001000025006202512180                                                                                                                        00000
308480012025120120251231202512123210001150003515115941202511000000085001000028489202512120                                                                                                                        00000
308480012025120120251231202512233210001150003522295034202511000000055001000026559202512230                                                                                                                        00000
308480012025120120251231202512113210001150003541539793202511000000055001000026598202512110                                                                                                                        00000
308480012025120120251231202512113210001150003544338694202511000000054157900028690202512110                                                                                                                        00000
308480012025120120251231202512183210001150003554124935202511000000048496850027698202512180                                                                                                                        00000
308480012025120120251231202512223210001150003590710886202511000000035001000023028202512220                                                                                                                        00000
308480012025120120251231202512033210001150003607184743202511000000054902000029708202512030                                                                                                                        00000
308480012025120120251231202512233210001150003610786864202511000000035001000024288202512230                                                                                                                        00000
308480012025120120251231202512153210001150003651002347202511000000049519520000075202512150                                                                                                                        00000
308480012025120120251231202512113210001150003686332567202511000000055001000000106202512110                                                                                                                        00000
308480012025120120251231202512113210001150003686344496202511000000055001000027458202512110                                                                                                                        00000
308480012025120120251231202512223210001150003086219501202511000000054153170029249202512220                                                                                                                        00000
308480012025120120251231202512033210001150002131712028202511000000002749000020877202512030                                                                                                                        00000
308480012025120120251231202512123210001150002133329907202511000000003012650021174202512120                                                                                                                        00000
308480012025120120251231202512223210001150002133342090202511000000035001000022956202512220                                                                                                                        00000
308480012025120120251231202512193210001150002135245892202511000000035001000021816202512190                                                                                                                        00000
308480012025120120251231190001013210001150002137071941202511000000000000000026363190001010La Cuenta No tiene Un estado Valido de Tipo de Bloqueo para la Transaccion                                              00000
308480012025120120251231202512163210001150002137423650202511000000035001000023704202512160                                                                                                                        00000
308480012025120120251231202512033210001150002139165589202511000000054280910029030202512030                                                                                                                        00000
308480012025120120251231202512113210001150002139655248202511000000056953980029693202512110                                                                                                                        00000
308480012025120120251231202512303210001150002143045183202511000000035001000021883202512300                                                                                                                        00000
308480012025120120251231202512173210001150002148247539202511000000035001000023787202512170                                                                                                                        00000
308480012025120120251231190001013210001150002149288375202511000000000000000025998190001010Cuentas sin saldo entre 2025/12/01 y 2025/12/31                                                                         00000
308480012025120120251231190001013210001150002149952090202511000000000000000022972190001010La Cuenta No tiene Un estado Valido de Tipo de Bloqueo para la Transaccion                                              00000
308480012025120120251231202512163210001150002149957941202511000000035001000023606202512160                                                                                                                        00000
308480012025120120251231202512113210001150002151771935202511000000035001000023941202512110                                                                                                                        00000
308480012025120120251231190001013210001150002158047644202511000000000000000020283190001010                                                                                                                        00000
308480012025120120251231202512193210001150002158395446202511000000003001030020410202512190                                                                                                                        00000
308480012025120120251231202512233210001150002159967907202511000000035001000024441202512230                                                                                                                        00000
308480012025120120251231202512193210001150002160219161202511000000035001000024987202512190                                                                                                                        00000
308480012025120120251231190001013210001150002161388963202511000000000000000021619190001010Cuentas sin saldo entre 2025/12/01 y 2025/12/31                                                                         00000
308480012025120120251231202512173210001150002175591638202511000000055001000026572202512170                                                                                                                        00000
308480012025120120251231202512103210001150002179539090202511000000035001000024476202512100                                                                                                                        00000
308480012025120120251231202512233210001150002279492303202511000000035001000024431202512230                                                                                                                        00000
308480012025120120251231202512123210001150002447797199202511000000055001000026236202512120                                                                                                                        00000
308480012025120120251231202512183210001150002799032539202511000000035001000025517202512180                                                                                                                        00000
308480012025120120251231202512033210001150003031735858202511000000035001000022240202512030                                                                                                                        00000
308480012025120120251231202512163210001150002283952501202511000000035001000023331202512160                                                                                                                        00000
308480012025120120251231202512033210001150002286001941202511000000035001000023625202512030                                                                                                                        00000
308480012025120120251231202512183210001150002290090397202511000000035001000022092202512180                                                                                                                        00000
308480012025120120251231202512163210001150002291054226202511000000035001000023716202512160                                                                                                                        00000
308480012025120120251231190001013210001150002293474743202511000000000000000023329190001010Cuentas sin saldo entre 2025/12/01 y 2025/12/31                                                                         00000
308480012025120120251231202512183210001150002294671600202511000000035001000022539202512180                                                                                                                        00000
308480012025120120251231202512163210001150002294759319202511000000035001000023388202512160                                                                                                                        00000
308480012025120120251231202512113210001150002295620595202511000000035001000023773202512110                                                                                                                        00000
308480012025120120251231202512123210001150002302647892202511000000003373670021511202512120                                                                                                                        00000
308480012025120120251231202512153210001150002303053331202511000000055001000026609202512150                                                                                                                        00000
308480012025120120251231202512093210001150002317054913202511000000035001000000062202512090                                                                                                                        00000
308480012025120120251231190001013210001150002317072957202511000000000000000023441190001010Cuentas sin saldo entre 2025/12/01 y 2025/12/31                                                                         00000
308480012025120120251231202512183210001150002317642567202511000000035001000024605202512180                                                                                                                        00000
308480012025120120251231202512113210001150002320617040202511000000035001000023337202512110                                                                                                                        00000
308480012025120120251231202512033210001150002320650210202511000000054209940028749202512030                                                                                                                        00000
308480012025120120251231202512033210001150002320952941202511000000035001000025053202512030                                                                                                                        00000
308480012025120120251231202512233210001150002323312133202511000000056220660029707202512230                                                                                                                        00000
308480012025120120251231202512163210001150002327084858202511000000001603580021336202512160                                                                                                                        00000
308480012025120120251231202512163210001150002327090963202511000000035001000024317202512160                                                                                                                        00000
308480012025120120251231202512183210001150002327398517202511000000035001000025383202512180                                                                                                                        00000
308480012025120120251231202512123210001150002448079551202511000000035001000025023202512120                                                                                                                        00000
308480012025120120251231202512103210001150002448131765202511000000035001000023710202512100                                                                                                                        00000
308480012025120120251231202512123210001150002448165616202511000000035001000024598202512120                                                                                                                        00000
308480012025120120251231190001013210001150002448509276202511000000000000000023354190001010Cuentas sin saldo entre 2025/12/01 y 2025/12/31                                                                         00000
308480012025120120251231202512123210001150002448573381202511000000035001000022968202512120                                                                                                                        00000
308480012025120120251231202512123210001150002448575325202511000000035001000023699202512120                                                                                                                        00000
308480012025120120251231202512113210001150002448632381202511000000035001000023749202512110                                                                                                                        00000
308480012025120120251231202512123210001150002448645282202511000000035001000023212202512120                                                                                                                        00000
308480012025120120251231190001013210001150002462112232202511000000000000000023888190001010Cuentas sin saldo entre 2025/12/01 y 2025/12/31                                                                         00000
308480012025120120251231202512123210001150002469431402202511000000035001000025476202512120                                                                                                                        00000
308480012025120120251231202512193210001150002469433347202511000000003078000021534202512190                                                                                                                        00000
308480012025120120251231202512033210001150002501278183202511000000035001000023936202512030                                                                                                                        00000
308480012025120120251231202512153210001150002501292347202511000000035001000022099202512150                                                                                                                        00000
308480012025120120251231190001013210001150002501794935202511000000000000000022519190001010Cuentas sin saldo entre 2025/12/01 y 2025/12/31                                                                         00000
308480012025120120251231202512103210001150002513124210202511000000001791000020254202512100                                                                                                                        00000
308480012025120120251231202512033210001150002529271616202511000000054384990028750202512030                                                                                                                        00000
308480012025120120251231202512153210001150002529308402202511000000054238330028745202512150                                                                                                                        00000
308480012025120120251231202512173210001150002542420127202511000000035001000022036202512170                                                                                                                        00000
308480012025120120251231190001013210001150002542439842202511000000000000000023414190001010Cuentas sin saldo entre 2025/12/01 y 2025/12/31                                                                         00000
308480012025120120251231202512233210001150002548323567202511000000035001000023356202512230                                                                                                                        00000
308480012025120120251231202512123210001150002330189232202511000000055001000026603202512120                                                                                                                        00000
308480012025120120251231202512093210001150002553532864202511000000035001000025224202512090                                                                                                                        00000
308480012025120120251231202512113210001150003031753892202511000000085001000027855202512110                                                                                                                        00000
308480012025120120251231202512103210001150003035653600202511000000035001000025235202512100                                                                                                                        00000
308480012025120120251231202512233210001150003035665539202511000000035001000022540202512230                                                                                                                        00000
308480012025120120251231202512183210001150003035673589202511000000035001000024097202512180                                                                                                                        00000
308480012025120120251231202512233210001150003039520430202511000000001607450021236202512230                                                                                                                        00000
308480012025120120251231190001013210001150003042610979202511000000000000000025708190001010La Cuenta No tiene Un estado Valido de Tipo de Bloqueo para la Transaccion                                              00000
308480012025120120251231190001013210001150003042622907202511000000000000000024529190001010La Cuenta No tiene Un estado Valido de Tipo de Bloqueo para la Transaccion                                              00000
308480012025120120251231202512233210001150003045462737202511000000055001000025809202512230                                                                                                                        00000
308480012025120120251231202512183210001150003050717842202511000000035001000022847202512180                                                                                                                        00000
308480012025120120251231202512233210001150003050832907202511000000085001000028421202512230                                                                                                                        00000
308480012025120120251231202512233210001150003056081907202511000000035001000022408202512230                                                                                                                        00000
308480012025120120251231202512173210001150003056188622202511000000055001000026361202512170                                                                                                                        00000
308480012025120120251231202512223210001150003066231787202511000000035001000025337202512220                                                                                                                        00000
308480012025120120251231202512193210001150003066232759202511000000068346470029826202512190                                                                                                                        00000
308480012025120120251231202512183210001150003073377737202511000000055001000025751202512180                                                                                                                        00000
308480012025120120251231202512093210001150003077569183202511000000054205210029868202512090                                                                                                                        00000
308480012025120120251231202512233210001150003083694567202511000000035001000022338202512230                                                                                                                        00000
308480012025120120251231202512223210001150003086188539202511000000054290370029187202512220                                                                                                                        00000
308480012025120120251231202512173210001150002555104935202511000000001819190019099202512170                                                                                                                        00000
308480012025120120251231202512183210001150002560022468202511000000055001000027228202512180                                                                                                                        00000
308480012025120120251231202512183210001150002560062424202511000000055001000026354202512180                                                                                                                        00000
308480012025120120251231202512193210001150002564995319202511000000035001000023431202512190                                                                                                                        00000
308480012025120120251231202512173210001150002571347963202511000000035001000023399202512170                                                                                                                        00000
308480012025120120251231202512153210001150002571368913202511000000035001000022403202512150                                                                                                                        00000
308480012025120120251231202512113210001150002572280111202511000000035001000023720202512110                                                                                                                        00000
308480012025120120251231190001013210001150002589097375202511000000000000000025384190001010Cuentas sin saldo entre 2025/12/01 y 2025/12/31                                                                         00000
308480012025120120251231202512093210001150002589165397202511000000035001000023440202512090                                                                                                                        00000
308480012025120120251231202512113210001150002590151303202511000000035001000023439202512110                                                                                                                        00000
308480012025120120251231202512103210001150002591842709202511000000035001000023148202512100                                                                                                                        00000
308480012025120120251231202512103210001150002593318721202511000000055001000026448202512100                                                                                                                        00000
308480012025120120251231190001013210001150002597616210202511000000000000000023659190001010Cuentas sin saldo entre 2025/12/01 y 2025/12/31                                                                         00000
308480012025120120251231202512103210001150002597680325202511000000035001000021739202512100                                                                                                                        00000
308480012025120120251231190001013210001150002613699638202511000000000000000023386190001010Cuentas sin saldo entre 2025/12/01 y 2025/12/31                                                                         00000
308480012025120120251231202512093210001150002615321979202511000000035001000023347202512090                                                                                                                        00000
308480012025120120251231202512033210001150002618157638202511000000035001000023397202512030                                                                                                                        00000
308480012025120120251231190001013210001150002635278721202511000000000000000022215190001010Cuentas sin saldo entre 2025/12/01 y 2025/12/31                                                                         00000
308480012025120120251231202512173210001150002642951709202511000000054422840029629202512170                                                                                                                        00000
308480012025120120251231202512183210001150002642958496202511000000054243060029628202512180                                                                                                                        00000
308480012025120120251231202512123210001150002799133430202511000000001604710020856202512120                                                                                                                        00000
308480012025120120251231202512303210001150002812291226202511000000035001000023815202512300                                                                                                                        00000
308480012025120120251231202512103210001150002812516941202511000000035001000025254202512100                                                                                                                        00000
308480012025120120251231202512123210001150002831761935202511000000001640010020295202512120                                                                                                                        00000
308480012025120120251231202512163210001150002831906709202511000000035001000024406202512160                                                                                                                        00000
308480012025120120251231190001013210001150002838408369202511000000000000000029165190001010El tipo de cuenta no se encuentra permitido.                                                                            00000
308480012025120120251231202512153210001150002845015963202511000000054214670029687202512150                                                                                                                        00000
308480012025120120251231202512233210001150002845121006202511000000035001000022213202512230                                                                                                                        00000
308480012025120120251231202512123210001150002845135870202511000000001630920020320202512120                                                                                                                        00000
308480012025120120251231202512113210001150002845162935202511000000055001000027372202512110                                                                                                                        00000
308480012025120120251231202512193210001150002854767424202511000000003281000021462202512190                                                                                                                        00000
308480012025120120251231202512193210001150002854786430202511000000035001000023757202512190                                                                                                                        00000
308480012025120120251231190001013210001150002854865418202511000000000000000025379190001010                                                                                                                        00000
308480012025120120251231202512123210001150002870899567202511000000067084330024084202512120                                                                                                                        00000
308480012025120120251231202512223210001150002871022319202511000000035001000024321202512220                                                                                                                        00000
308480012025120120251231202512153210001150002871051319202511000000035001000022952202512150                                                                                                                        00000
308480012025120120251231202512173210001150002871084199202511000000055001000025784202512170                                                                                                                        00000
308480012025120120251231202512183210001150002879343331202511000000055001000026072202512180                                                                                                                        00000
308480012025120120251231202512183210001150002879346248202511000000001447040020243202512180                                                                                                                        00000
308480012025120120251231202512123210001150002884611638202511000000054280910029192202512120                                                                                                                        00000
