308490012025120120251231202512043210290130029022652139202511000000035001000024304202512040                                                                                                                        00000
308490012025120120251231202512043210290130029023325195202511000000035001000024127202512040                                                                                                                        00000
308490012025120120251231202512303210290130029024582997202511000000035001000025184202512300                                                                                                                        00000
308490012025120120251231202512183210001130030041513981202511000000085001000028095202512180                                                                                                                        00000
308490012025120120251231202512103210290130006000102167202511000000035001000023061202512100                                                                                                                        00000
308490012025120120251231202512093210001130007106984046202511000000055001000025917202512090                                                                                                                        00000
308490012025120120251231202512293210001130007106991123202511000000055001000027350202512290                                                                                                                        00000
308490012025120120251231202512093210001130007106992096202511000000055001000026941202512090                                                                                                                        00000
308490012025120120251231202512183210001130007122215876202511000000035001000024065202512180                                                                                                                        00000
308490012025120120251231202512293210001130007140400018202511000000035001000025551202512290                                                                                                                        00000
308490012025120120251231202512293210001130007140400018202511000000144045190029261202512290                                                                                                                        00000
308490012025120120251231202512093210001130007140769470202511000000002501000020409202512090                                                                                                                        00000
308490012025120120251231202512303210001130007140771705202511000000035001000023836202512300                                                                                                                        00000
308490012025120120251231202512183210001130007949468826202511000000055001000026469202512180                                                                                                                        00000
308490012025120120251231190001013210001130007996877684202511000000000000000024553190001010Cuentas sin saldo entre 2025/12/01 y 2025/12/31                                                                         00000
