308480012026010220260131202601273210001150002180692957202512000000054474890028724202601270                                                                                                                        00000
308480012026010220260131202601263210001150002347160864202512000000035001000022499202601260                                                                                                                        00000
308480012026010220260131202601093210001150002664331907202512000000035001000023427202601090                                                                                                                        00000
308480012026010220260131202601223210001150002896786133202512000000035001000023575202601220                                                                                                                        00000
308480012026010220260131202601233210001150003140590133202512000000055001000025907202601230                                                                                                                        00000
308480012026010220260131202601213210001150002664338694202512000000035001000022366202601210                                                                                                                        00000
308480012026010220260131202601143210001150002680542028202512000000054209940028969202601140                                                                                                                        00000
308480012026010220260131202601143210001150002693071078202512000000035001000022844202601140                                                                                                                        00000
308480012026010220260131202601263210001150002702295149202512000000035001000022912202601260                                                                                                                        00000
308480012026010220260131202601293210001150002702369985202512000000035001000022541202601290                                                                                                                        00000
308480012026010220260131190001013210001150002710898787202512000000000000000022392190001010Cuentas sin saldo entre 2026/01/02 y 2026/01/31                                                                         00000
308480012026010220260131202601153210001150002710932957202512000000035001000025540202601150                                                                                                                        00000
308480012026010220260131202601263210001150002711684963202512000000035001000024083202601260                                                                                                                        00000
308480012026010220260131202601293210001150002711687870202512000000035001000022296202601290                                                                                                                        00000
308480012026010220260131202601233210001150002718560545202512000000035001000025203202601230                                                                                                                        00000
308480012026010220260131202601233210001150002718602474202512000000054508000028908202601230                                                                                                                        00000
308480012026010220260131202601133210001150002718626331202512000000035001000023701202601130                                                                                                                        00000
308480012026010220260131202601123210001150002732256062202512000000054351880028752202601120                                                                                                                        00000
308480012026010220260131202601263210001150002732260232202512000000001849000021451202601260                                                                                                                        00000
308480012026010220260131202601293210001150002732277012202512000000035001000023580202601290                                                                                                                        00000
308480012026010220260131202601293210001150002732291177202512000000035001000022086202601290                                                                                                                        00000
308480012026010220260131202601273210001150002732428892202512000000035001000024329202601270                                                                                                                        00000
308480012026010220260131202601193210001150002732443028202512000000035001000021818202601190                                                                                                                        00000
308480012026010220260131202601283210001150002732452040202512000000035001000024421202601280                                                                                                                        00000
308480012026010220260131202601293210001150002732469820202512000000035001000025223202601290                                                                                                                        00000
308480012026010220260131202601283210001150002896795155202512000000035001000025357202601280                                                                                                                        00000
308480012026010220260131202601273210001150002896866084202512000000035001000024495202601270                                                                                                                        00000
308480012026010220260131190001013210001150002906422787202512000000000000000026046190001010Cuentas sin saldo entre 2026/01/02 y 2026/01/31                                                                         00000
308480012026010220260131202601133210001150002906448589202512000000035001000025340202601130                                                                                                                        00000
308480012026010220260131202601233210001150002906536589202512000000035001000024822202601230                                                                                                                        00000
308480012026010220260131202601143210001150002906621672202512000000035001000024592202601140                                                                                                                        00000
308480012026010220260131202601163210001150002916091991202512000000035001000024314202601160                                                                                                                        00000
308480012026010220260131202601273210001150002916238709202512000000055001000025922202601270                                                                                                                        00000
308480012026010220260131202601263210001150002932788600202512000000035001000024460202601260                                                                                                                        00000
308480012026010220260131202601293210001150002932803765202512000000055279170028680202601290                                                                                                                        00000
308480012026010220260131190001013210001150002932831793202512000000000000000029625190001010                                                                                                                        00000
308480012026010220260131202601283210001150002932912715202512000000035001000023336202601280                                                                                                                        00000
308480012026010220260131202601223210001150002932984589202512000000055001000027287202601220                                                                                                                        00000
308480012026010220260131202601053210001150002948289353202512000000055001000027512202601050                                                                                                                        00000
308480012026010220260131202601233210001150002948938941202512000000054086940028669202601230                                                                                                                        00000
308480012026010220260131202601233210001150002953666600202512000000035001000023536202601230                                                                                                                        00000
308480012026010220260131202601053210001150002959785006202512000000035001000025047202601050                                                                                                                        00000
308480012026010220260131202601273210001150002959862040202512000000035001000025318202601270                                                                                                                        00000
308480012026010220260131202601293210001150002959928836202512000000003131720021193202601290                                                                                                                        00000
308480012026010220260131202601123210001150002962566737202512000000035001000023369202601120                                                                                                                        00000
308480012026010220260131202601053210001150003140591105202512000000035001000022310202601050                                                                                                                        00000
308480012026010220260131202601263210001150003143818496202512000000035001000024063202601260                                                                                                                        00000
308480012026010220260131202601213210001150003143820721202512000000055001000026312202601210                                                                                                                        00000
308480012026010220260131190001013210001150003143825573202512000000000000000024503190001010Cuentas sin saldo entre 2026/01/02 y 2026/01/31                                                                         00000
308480012026010220260131202601193210001150003146659298202512000000035001000025498202601190                                                                                                                        00000
308480012026010220260131202601233210001150003266177616202512000000035001000023385202601230                                                                                                                        00000
308480012026010220260131202601293210001150003270663907202512000000035001000022485202601290                                                                                                                        00000
308480012026010220260131202601223210001150003278361452202512000000035001000023133202601220                                                                                                                        00000
308480012026010220260131202601123210001150003283361870202512000000055001000026314202601120                                                                                                                        00000
308480012026010220260131202601123210001150003283361870202512000000055001000027432202601120                                                                                                                        00000
308480012026010220260131202601263210001150003286546331202512000000035001000022423202601260                                                                                                                        00000
308480012026010220260131202601213210001150003286562430202512000000035001000025205202601210                                                                                                                        00000
308480012026010220260131202601133210001150003291097028202512000000054285640029000202601130                                                                                                                        00000
308480012026010220260131202601263210001150003315418666202512000000055001000025824202601260                                                                                                                        00000
308480012026010220260131202601293210001150003316805397202512000000035001000000047202601290                                                                                                                        00000
308480012026010220260131190001013210001150003321472111202512000000000000000025207190001010Cuentas sin saldo entre 2026/01/02 y 2026/01/31                                                                         00000
308480012026010220260131202601233210001150003358367325202512000000035001000023760202601230                                                                                                                        00000
308480012026010220260131190001013210001150003367096595202512000000000000000025330190001010Cuentas sin saldo entre 2026/01/02 y 2026/01/31                                                                         00000
308480012026010220260131202601263210001150003482881573202512000000055001000026733202601260                                                                                                                        00000
308480012026010220260131202601153210001150003492613694202512000000065332760028725202601150                                                                                                                        00000
308480012026010220260131202601283210001150002664299672202512000000055001000027384202601280                                                                                                                        00000
308480012026010220260131190001013210001150002732587793202512000000000000000024409190001010Cuentas sin saldo entre 2026/01/02 y 2026/01/31                                                                         00000
308480012026010220260131202601093210001150002962598644202512000000035001000023691202601090                                                                                                                        00000
308480012026010220260131202601263210001150003502025303202512000000035001000024847202601260                                                                                                                        00000
308480012026010220260131202601233210001150002240892929202512000000054082200029631202601230                                                                                                                        00000
308480012026010220260131202601293210001150002246458523202512000000035001000023869202601290                                                                                                                        00000
308480012026010220260131202601133210001150002246893353202512000000061065310029633202601130                                                                                                                        00000
308480012026010220260131202601233210001150002254854517202512000000035001000023438202601230                                                                                                                        00000
308480012026010220260131202601233210001150002258133694202512000000054243060029599202601230                                                                                                                        00000
308480012026010220260131190001013210001150002260113402202512000000000000000021472190001010Cuentas sin saldo entre 2026/01/02 y 2026/01/31                                                                         00000
308480012026010220260131202601133210001150002260566985202512000000035001000022455202601130                                                                                                                        00000
308480012026010220260131190001013210001150002262806650202512000000000000000028915190001010                                                                                                                        00000
308480012026010220260131202601293210001150002263584759202512000000035001000022108202601290                                                                                                                        00000
308480012026010220260131202601293210001150002264456709202512000000035001000024071202601290                                                                                                                        00000
308480012026010220260131202601053210001150002264458644202512000000035001000022229202601050                                                                                                                        00000
308480012026010220260131202601233210001150002267071842202512000000143872150029423202601230                                                                                                                        00000
308480012026010220260131190001013210001150002267508353202512000000000000000022500190001010Cuentas sin saldo entre 2026/01/02 y 2026/01/31                                                                         00000
308480012026010220260131202601233210001150002270928650202512000000035001000023314202601230                                                                                                                        00000
308480012026010220260131202601293210001150002272434935202512000000054219410029206202601290                                                                                                                        00000
308480012026010220260131202601053210001150002275919183202512000000035001000023647202601050                                                                                                                        00000
308480012026010220260131202601053210001150002275919183202512000000055001000025842202601050                                                                                                                        00000
308480012026010220260131202601293210001150002279492303202512000000035001000024431202601290                                                                                                                        00000
308480012026010220260131202601213210001150002283952501202512000000035001000023331202601210                                                                                                                        00000
308480012026010220260131202601053210001150002286001941202512000000035001000023625202601050                                                                                                                        00000
308480012026010220260131190001013210001150002351691963202512000000000000000025966190001010Cuentas sin saldo entre 2026/01/02 y 2026/01/31                                                                         00000
308480012026010220260131202601213210001150002351961787202512000000030001000029665202601210                                                                                                                        00000
308480012026010220260131202601213210001150002352178034202512000000035001000025471202601210                                                                                                                        00000
308480012026010220260131202601053210001150002357911298202512000000035001000023300202601050                                                                                                                        00000
308480012026010220260131202601213210001150002364561765202512000000035001000023320202601210                                                                                                                        00000
308480012026010220260131202601193210001150002373439688202512000000035001000023634202601190                                                                                                                        00000
308480012026010220260131202601233210001150002373981523202512000000025364430028733202601230                                                                                                                        00000
308480012026010220260131202601283210001150002375475589202512000000035001000022414202601280                                                                                                                        00000
308480012026010220260131202601273210001150002399004545202512000000035001000023593202601270                                                                                                                        00000
308480012026010220260131202601233210001150002399121545202512000000035001000025054202601230                                                                                                                        00000
308480012026010220260131202601133210001150002400228331202512000000035001000025504202601130                                                                                                                        00000
308480012026010220260131202601053210001150002405419721202512000000035001000023394202601050                                                                                                                        00000
308480012026010220260131202601273210001150002416850551202512000000085001000028278202601270                                                                                                                        00000
308480012026010220260131202601153210001150002424784622202512000000035001000024986202601150                                                                                                                        00000
308480012026010220260131202601223210001150002430794941202512000000035001000023750202601220                                                                                                                        00000
308480012026010220260131202601293210001150002438290694202512000000035001000023412202601290                                                                                                                        00000
308480012026010220260131202601153210001150002447797199202512000000055001000026236202601150                                                                                                                        00000
308480012026010220260131202601163210001150002448079551202512000000035001000025023202601160                                                                                                                        00000
308480012026010220260131202601123210001150002448131765202512000000035001000023710202601120                                                                                                                        00000
308480012026010220260131202601153210001150002448165616202512000000035001000024598202601150                                                                                                                        00000
308480012026010220260131202601153210001150002738350638202512000000035001000022387202601150                                                                                                                        00000
308480012026010220260131202601263210001150002738384480202512000000035001000024968202601260                                                                                                                        00000
308480012026010220260131202601273210001150002738391567202512000000035001000023843202601270                                                                                                                        00000
308480012026010220260131202601093210001150002738509276202512000000085001000027886202601090                                                                                                                        00000
308480012026010220260131202601213210001150002745710638202512000000035001000024785202601210                                                                                                                        00000
308480012026010220260131202601093210001150002745791523202512000000035001000023353202601090                                                                                                                        00000
308480012026010220260131202601133210001150002745826375202512000000035001000025192202601130                                                                                                                        00000
308480012026010220260131202601143210001150002754565638202512000000035001000025610202601140                                                                                                                        00000
308480012026010220260131202601293210001150002754577567202512000000035001000023620202601290                                                                                                                        00000
308480012026010220260131202601093210001150002754628517202512000000035001000025050202601090                                                                                                                        00000
308480012026010220260131202601263210001150002762224062202512000000035001000025346202601260                                                                                                                        00000
308480012026010220260131202601153210001150002762262084202512000000035001000024717202601150                                                                                                                        00000
308480012026010220260131202601153210001150002770952759202512000000035001000023846202601150                                                                                                                        00000
308480012026010220260131202601273210001150002770996595202512000000054105860029485202601270                                                                                                                        00000
308480012026010220260131202601153210001150002771010397202512000000035001000023216202601150                                                                                                                        00000
308480012026010220260131202601233210001150002787415397202512000000055001000026328202601230                                                                                                                        00000
308480012026010220260131202601283210001150002787421501202512000000054101130028703202601280                                                                                                                        00000
308480012026010220260131202601233210001150002787436347202512000000054176830028667202601230                                                                                                                        00000
308480012026010220260131202601263210001150002799032539202512000000035001000025517202601260                                                                                                                        00000
308480012026010220260131202601163210001150002799133430202512000000001604710020856202601160                                                                                                                        00000
308480012026010220260131202601203210001150002896761303202512000000035001000021819202601200                                                                                                                        00000
308480012026010220260131202601273210001150002969500347202512000000035001000022193202601270                                                                                                                        00000
308480012026010220260131202601263210001150002974787331202512000000035001000022075202601260                                                                                                                        00000
308480012026010220260131202601263210001150002974929199202512000000144179770029147202601260                                                                                                                        00000
308480012026010220260131202601163210001150002974958199202512000000054011240028660202601160                                                                                                                        00000
308480012026010220260131202601193210001150002988377232202512000000035001000023858202601190                                                                                                                        00000
308480012026010220260131202601263210001150002988381402202512000000035001000024535202601260                                                                                                                        00000
308480012026010220260131202601283210001150002988410430202512000000035001000022981202601280                                                                                                                        00000
308480012026010220260131202601283210001150002988493260202512000000035001000024393202601280                                                                                                                        00000
308480012026010220260131202601273210001150002988532282202512000000035001000000103202601270                                                                                                                        00000
308480012026010220260131202601053210001150002994384644202512000000056286900029649202601050                                                                                                                        00000
308480012026010220260131202601143210001150002994406595202512000000055001000025876202601140                                                                                                                        00000
308480012026010220260131202601233210001150002994473616202512000000055001000025775202601230                                                                                                                        00000
308480012026010220260131202601283210001150003005400979202512000000035001000024538202601280                                                                                                                        00000
308480012026010220260131202601263210001150003008236638202512000000055001000026587202601260                                                                                                                        00000
308480012026010220260131202601263210001150003013418870202512000000144045190029099202601260                                                                                                                        00000
308480012026010220260131202601163210001150003025348709202512000000054219410028879202601160                                                                                                                        00000
308480012026010220260131202601263210001150003025372858202512000000035001000023405202601260                                                                                                                        00000
308480012026010220260131202601053210001150003031735858202512000000035001000022240202601050                                                                                                                        00000
308480012026010220260131202601133210001150003031753892202512000000085001000027855202601130                                                                                                                        00000
308480012026010220260131202601123210001150003035653600202512000000035001000025235202601120                                                                                                                        00000
308480012026010220260131202601263210001150003508558298202512000000035001000025006202601260                                                                                                                        00000
308480012026010220260131202601153210001150003515115941202512000000085001000028489202601150                                                                                                                        00000
308480012026010220260131202601293210001150003522295034202512000000055001000026559202601290                                                                                                                        00000
308480012026010220260131202601143210001150003541539793202512000000055001000026598202601140                                                                                                                        00000
308480012026010220260131202601143210001150003544338694202512000000054157900028690202601140                                                                                                                        00000
308480012026010220260131202601263210001150003554124935202512000000048496850027698202601260                                                                                                                        00000
308480012026010220260131202601283210001150003590710886202512000000035001000023028202601280                                                                                                                        00000
308480012026010220260131202601053210001150003607184743202512000000054902000029708202601050                                                                                                                        00000
308480012026010220260131202601293210001150003610786864202512000000035001000024288202601290                                                                                                                        00000
308480012026010220260131202601273210001150003610788808202512000000055001000000109202601270                                                                                                                        00000
308480012026010220260131202601133210001150003686332567202512000000055001000000106202601130                                                                                                                        00000
308480012026010220260131202601133210001150003686344496202512000000055001000027458202601130                                                                                                                        00000
308480012026010220260131202601233210001150003693500759202512000000108693300029635202601230                                                                                                                        00000
308480012026010220260131202601283210001150003132101325202512000000035001000023346202601280                                                                                                                        00000
308480012026010220260131202601053210001150002131712028202512000000002749000020877202601050                                                                                                                        00000
308480012026010220260131202601163210001150002133329907202512000000001390990021174202601160                                                                                                                        00000
308480012026010220260131202601283210001150002133342090202512000000035001000022956202601280                                                                                                                        00000
308480012026010220260131202601273210001150002135245892202512000000035001000021816202601270                                                                                                                        00000
308480012026010220260131190001013210001150002137071941202512000000000000000026363190001010Cuentas sin saldo entre 2026/01/02 y 2026/01/31                                                                         00000
308480012026010220260131202601223210001150002137423650202512000000035001000023704202601220                                                                                                                        00000
308480012026010220260131202601053210001150002139165589202512000000054280910029030202601050                                                                                                                        00000
308480012026010220260131202601133210001150002139655248202512000000056953980029693202601130                                                                                                                        00000
308480012026010220260131190001013210001150002143045183202512000000000000000021883190001010                                                                                                                        00000
308480012026010220260131202601233210001150002148247539202512000000035001000023787202601230                                                                                                                        00000
308480012026010220260131190001013210001150002149952090202512000000000000000022972190001010Cuentas sin saldo entre 2026/01/02 y 2026/01/31                                                                         00000
308480012026010220260131202601213210001150002149957941202512000000035001000023606202601210                                                                                                                        00000
308480012026010220260131202601133210001150002151771935202512000000035001000023941202601130                                                                                                                        00000
308480012026010220260131190001013210001150002158047644202512000000000000000020283190001010Cuentas sin saldo entre 2026/01/02 y 2026/01/31                                                                         00000
308480012026010220260131202601273210001150002158395446202512000000003001030020410202601270                                                                                                                        00000
308480012026010220260131202601293210001150002159967907202512000000035001000024441202601290                                                                                                                        00000
308480012026010220260131202601273210001150002160219161202512000000035001000024987202601270                                                                                                                        00000
308480012026010220260131190001013210001150002161388963202512000000000000000021619190001010Cuentas sin saldo entre 2026/01/02 y 2026/01/31                                                                         00000
308480012026010220260131202601233210001150002175591638202512000000055001000026572202601230                                                                                                                        00000
308480012026010220260131202601123210001150002179539090202512000000035001000024476202601120                                                                                                                        00000
308480012026010220260131202601163210001150002179796985202512000000035001000023417202601160                                                                                                                        00000
308480012026010220260131202601263210001150002290090397202512000000035001000022092202601260                                                                                                                        00000
308480012026010220260131190001013210001150002448509276202512000000000000000023354190001010Cuentas sin saldo entre 2026/01/02 y 2026/01/31                                                                         00000
308480012026010220260131190001013210001150002812291226202512000000000000000023815190001010                                                                                                                        00000
308480012026010220260131202601293210001150003035665539202512000000035001000022540202601290                                                                                                                        00000
308480012026010220260131202601223210001150002291054226202512000000035001000023716202601220                                                                                                                        00000
308480012026010220260131190001013210001150002293474743202512000000000000000023329190001010Cuentas sin saldo entre 2026/01/02 y 2026/01/31                                                                         00000
308480012026010220260131202601263210001150002294671600202512000000035001000022539202601260                                                                                                                        00000
308480012026010220260131202601213210001150002294759319202512000000035001000023388202601210                                                                                                                        00000
308480012026010220260131202601133210001150002295620595202512000000035001000023773202601130                                                                                                                        00000
308480012026010220260131202601143210001150002302647892202512000000003373670021511202601140                                                                                                                        00000
308480012026010220260131202601193210001150002303053331202512000000055001000026609202601190                                                                                                                        00000
308480012026010220260131202601093210001150002317054913202512000000035001000000062202601090                                                                                                                        00000
308480012026010220260131202601263210001150002317642567202512000000035001000024605202601260                                                                                                                        00000
308480012026010220260131202601143210001150002320617040202512000000035001000023337202601140                                                                                                                        00000
308480012026010220260131202601053210001150002320650210202512000000054209940028749202601050                                                                                                                        00000
308480012026010220260131202601053210001150002320952941202512000000035001000025053202601050                                                                                                                        00000
308480012026010220260131202601293210001150002323312133202512000000056220660029707202601290                                                                                                                        00000
308480012026010220260131202601213210001150002327084858202512000000001603580021336202601210                                                                                                                        00000
308480012026010220260131202601223210001150002327090963202512000000035001000024317202601220                                                                                                                        00000
308480012026010220260131202601263210001150002327398517202512000000035001000025383202601260                                                                                                                        00000
308480012026010220260131202601163210001150002330189232202512000000055001000026603202601160                                                                                                                        00000
308480012026010220260131202601223210001150002336720600202512000000035001000024751202601220                                                                                                                        00000
308480012026010220260131202601283210001150002337824325202512000000035001000024777202601280                                                                                                                        00000
308480012026010220260131202601193210001150002340768836202512000000035001000024428202601190                                                                                                                        00000
308480012026010220260131202601143210001150002448573381202512000000035001000022968202601140                                                                                                                        00000
308480012026010220260131202601153210001150002448575325202512000000035001000023699202601150                                                                                                                        00000
308480012026010220260131202601133210001150002448632381202512000000035001000023749202601130                                                                                                                        00000
308480012026010220260131202601143210001150002448645282202512000000035001000023212202601140                                                                                                                        00000
308480012026010220260131190001013210001150002462112232202512000000000000000023888190001010Cuentas sin saldo entre 2026/01/02 y 2026/01/31                                                                         00000
308480012026010220260131202601093210001150002469357276202512000000066075540029888202601090                                                                                                                        00000
308480012026010220260131202601163210001150002469431402202512000000035001000025476202601160                                                                                                                        00000
308480012026010220260131202601273210001150002469433347202512000000003078000021534202601270                                                                                                                        00000
308480012026010220260131202601053210001150002501278183202512000000035001000023936202601050                                                                                                                        00000
308480012026010220260131202601203210001150002501292347202512000000035001000022099202601200                                                                                                                        00000
308480012026010220260131190001013210001150002501794935202512000000000000000022519190001010Cuentas sin saldo entre 2026/01/02 y 2026/01/31                                                                         00000
308480012026010220260131202601123210001150002513124210202512000000001791000020254202601120                                                                                                                        00000
308480012026010220260131202601053210001150002529271616202512000000054384990028750202601050                                                                                                                        00000
308480012026010220260131202601193210001150002529308402202512000000054238330028745202601190                                                                                                                        00000
308480012026010220260131202601233210001150002542420127202512000000035001000022036202601230                                                                                                                        00000
308480012026010220260131190001013210001150002542439842202512000000000000000023414190001010Cuentas sin saldo entre 2026/01/02 y 2026/01/31                                                                         00000
308480012026010220260131202601293210001150002548323567202512000000035001000023356202601290                                                                                                                        00000
308480012026010220260131202601093210001150002553532864202512000000035001000025224202601090                                                                                                                        00000
308480012026010220260131202601233210001150002555104935202512000000001819190019099202601230                                                                                                                        00000
308480012026010220260131202601263210001150002560022468202512000000055001000027228202601260                                                                                                                        00000
308480012026010220260131202601263210001150002342268006202512000000035001000025352202601260                                                                                                                        00000
308480012026010220260131202601263210001150002560062424202512000000055001000026354202601260                                                                                                                        00000
308480012026010220260131202601263210001150003035673589202512000000035001000024097202601260                                                                                                                        00000
308480012026010220260131202601293210001150003039520430202512000000001607450021236202601290                                                                                                                        00000
308480012026010220260131190001013210001150003042610979202512000000000000000025708190001010Cuentas sin saldo entre 2026/01/02 y 2026/01/31                                                                         00000
308480012026010220260131202601293210001150003045462737202512000000055001000025809202601290                                                                                                                        00000
308480012026010220260131202601263210001150003050717842202512000000035001000022847202601260                                                                                                                        00000
308480012026010220260131202601293210001150003050832907202512000000085001000028421202601290                                                                                                                        00000
308480012026010220260131202601293210001150003056081907202512000000035001000022408202601290                                                                                                                        00000
308480012026010220260131202601233210001150003056188622202512000000055001000026361202601230                                                                                                                        00000
308480012026010220260131202601283210001150003066231787202512000000035001000025337202601280                                                                                                                        00000
308480012026010220260131202601273210001150003066232759202512000000068346470029826202601270                                                                                                                        00000
308480012026010220260131202601263210001150003073377737202512000000055001000025751202601260                                                                                                                        00000
308480012026010220260131202601093210001150003077569183202512000000054205210029868202601090                                                                                                                        00000
308480012026010220260131202601293210001150003083694567202512000000035001000022338202601290                                                                                                                        00000
308480012026010220260131202601283210001150003086188539202512000000054290370029187202601280                                                                                                                        00000
308480012026010220260131202601283210001150003086219501202512000000054153170029249202601280                                                                                                                        00000
308480012026010220260131202601263210001150003106267743202512000000035001000023381202601260                                                                                                                        00000
308480012026010220260131202601093210001150003128588248202512000000035001000022347202601090                                                                                                                        00000
308480012026010220260131202601053210001150003128607282202512000000054616820028754202601050                                                                                                                        00000
308480012026010220260131202601273210001150002564995319202512000000035001000023431202601270                                                                                                                        00000
308480012026010220260131202601233210001150002571347963202512000000035001000023399202601230                                                                                                                        00000
308480012026010220260131202601203210001150002571368913202512000000035001000022403202601200                                                                                                                        00000
308480012026010220260131202601133210001150002572280111202512000000035001000023720202601130                                                                                                                        00000
308480012026010220260131202601263210001150002589067402202512000000035001000000013202601260                                                                                                                        00000
308480012026010220260131190001013210001150002589097375202512000000000000000025384190001010Cuentas sin saldo entre 2026/01/02 y 2026/01/31                                                                         00000
308480012026010220260131202601093210001150002589165397202512000000035001000023440202601090                                                                                                                        00000
308480012026010220260131202601133210001150002590151303202512000000035001000023439202601130                                                                                                                        00000
308480012026010220260131202601123210001150002591842709202512000000035001000023148202601120                                                                                                                        00000
308480012026010220260131202601123210001150002593318721202512000000055001000026448202601120                                                                                                                        00000
308480012026010220260131190001013210001150002597616210202512000000000000000023659190001010Cuentas sin saldo entre 2026/01/02 y 2026/01/31                                                                         00000
308480012026010220260131202601123210001150002597680325202512000000035001000021739202601120                                                                                                                        00000
308480012026010220260131190001013210001150002613699638202512000000000000000023386190001010Cuentas sin saldo entre 2026/01/02 y 2026/01/31                                                                         00000
308480012026010220260131202601093210001150002615321979202512000000035001000023347202601090                                                                                                                        00000
308480012026010220260131202601053210001150002618157638202512000000035001000023397202601050                                                                                                                        00000
308480012026010220260131190001013210001150002635278721202512000000000000000022215190001010Cuentas sin saldo entre 2026/01/02 y 2026/01/31                                                                         00000
308480012026010220260131202601233210001150002642951709202512000000054422840029629202601230                                                                                                                        00000
308480012026010220260131202601263210001150002642958496202512000000054243060029628202601260                                                                                                                        00000
308480012026010220260131202601153210001150002643043199202512000000064116870028980202601150                                                                                                                        00000
308480012026010220260131202601263210001150002664230006202512000000035001000022118202601260                                                                                                                        00000
308480012026010220260131202601123210001150002812516941202512000000035001000025254202601120                                                                                                                        00000
308480012026010220260131202601153210001150002831761935202512000000001640010020295202601150                                                                                                                        00000
308480012026010220260131202601213210001150002831906709202512000000035001000024406202601210                                                                                                                        00000
308480012026010220260131190001013210001150002838408369202512000000000000000029165190001010El tipo de cuenta no se encuentra permitido.                                                                            00000
308480012026010220260131202601193210001150002845015963202512000000054214670029687202601190                                                                                                                        00000
308480012026010220260131202601293210001150002845121006202512000000035001000022213202601290                                                                                                                        00000
308480012026010220260131202601143210001150002845135870202512000000001630920020320202601140                                                                                                                        00000
308480012026010220260131202601133210001150002845162935202512000000055001000027372202601130                                                                                                                        00000
308480012026010220260131202601273210001150002854786430202512000000035001000023757202601270                                                                                                                        00000
308480012026010220260131190001013210001150002854865418202512000000000000000025379190001010Cuentas sin saldo entre 2026/01/02 y 2026/01/31                                                                         00000
308480012026010220260131202601163210001150002870899567202512000000067084330024084202601160                                                                                                                        00000
308480012026010220260131202601283210001150002871022319202512000000035001000024321202601280                                                                                                                        00000
308480012026010220260131202601203210001150002871051319202512000000035001000022952202601200                                                                                                                        00000
308480012026010220260131202601233210001150002871084199202512000000055001000025784202601230                                                                                                                        00000
308480012026010220260131202601263210001150002879343331202512000000055001000026072202601260                                                                                                                        00000
308480012026010220260131202601263210001150002879346248202512000000001447040020243202601260                                                                                                                        00000
308480012026010220260131202601163210001150002884611638202512000000054280910029192202601160                                                                                                                        00000
308480012026010220260131202601153210001150002884700600202512000000035001000025508202601150                                                                                                                        00000
308480012026010220260131202601273210001150002889630199202512000000035001000022083202601270                                                                                                                        00000
308480012026010220260131202601123210001150002889713056202512000000035001000025273202601120                                                                                                                        00000
