308490012026010220260131202601063210290130029022652139202512000000035001000024304202601060                                                                                                                        00000
308490012026010220260131202601063210290130029023325195202512000000035001000024127202601060                                                                                                                        00000
308490012026010220260131202601093210290130029024582997202512000000035001000025184202601090                                                                                                                        00000
308490012026010220260131202601293210001130030041513981202512000000085001000028095202601290                                                                                                                        00000
308490012026010220260131202601093210290130006000102167202512000000035001000023061202601090                                                                                                                        00000
308490012026010220260131202601093210001130007106984046202512000000055001000025917202601090                                                                                                                        00000
308490012026010220260131202601293210001130007106991123202512000000055001000027350202601290                                                                                                                        00000
308490012026010220260131202601093210001130007106992096202512000000055001000026941202601090                                                                                                                        00000
308490012026010220260131202601093210001130007122215876202512000000035001000024065202601090                                                                                                                        00000
308490012026010220260131202601293210001130007140400018202512000000035001000025551202601290                                                                                                                        00000
308490012026010220260131202601293210001130007140400018202512000000144045190029261202601290                                                                                                                        00000
308490012026010220260131190001013210001130007140769470202512000000000000000020409190001010                                                                                                                        00000
308490012026010220260131202601093210001130007140771705202512000000035001000023836202601090                                                                                                                        00000
308490012026010220260131202601093210001130007949468826202512000000055001000026469202601090                                                                                                                        00000
308490012026010220260131190001013210001130007996877684202512000000000000000024553190001010Cuentas sin saldo entre 2026/01/02 y 2026/01/31                                                                         00000
