308480012026040120260430202604283210001150002988532282202603000000035001000000103202604280                                                                                                                        00000
308480012026040120260430202604013210001150002994384644202603000000056286900029649202604010                                                                                                                        00000
308480012026040120260430202604133210001150002812516941202603000000035001000025254202604130                                                                                                                        00000
308480012026040120260430202604303210001150002812291226202603000000035001000023815202604300                                                                                                                        00000
308480012026040120260430202604153210001150002754565638202603000000035001000025610202604150                                                                                                                        00000
308480012026040120260430202604143210001150003291097028202603000000054285640029000202604140                                                                                                                        00000
308480012026040120260430202604223210001150003297088468202603000000055001000027119202604220                                                                                                                        00000
308480012026040120260430202604163210001150003492613694202603000000065332760028725202604160                                                                                                                        00000
308480012026040120260430202604273210001150003502025303202603000000035001000024847202604270                                                                                                                        00000
308480012026040120260430202604243210001150002948938941202603000000054086940028669202604240                                                                                                                        00000
308480012026040120260430202604243210001150002953666600202603000000035001000023536202604240                                                                                                                        00000
308480012026040120260430202604273210001150002642958496202603000000054243060029628202604270                                                                                                                        00000
308480012026040120260430202604293210001150002664299672202603000000055001000027384202604290                                                                                                                        00000
308480012026040120260430202604273210001150002664230006202603000000035001000022118202604270                                                                                                                        00000
308480012026040120260430202604273210001150003050717842202603000000035001000022847202604270                                                                                                                        00000
308480012026040120260430190001013210001150003045462737202603000000000000000025809190001010Cuentas sin saldo entre 2026/04/01 y 2026/04/30                                                                         00000
308480012026040120260430202604303210001150002279492303202603000000035001000024431202604300                                                                                                                        00000
308480012026040120260430202604223210001150003286562430202603000000035001000025205202604220                                                                                                                        00000
308480012026040120260430202604273210001150003315418666202603000000055001000025824202604270                                                                                                                        00000
308480012026040120260430202604213210001150003321472111202603000000035001000025207202604210                                                                                                                        00000
308480012026040120260430202604273210001150003482881573202603000000055001000026733202604270                                                                                                                        00000
308480012026040120260430202604163210001150003515115941202603000000085001000028489202604160                                                                                                                        00000
308480012026040120260430202604273210001150003508558298202603000000035001000025006202604270                                                                                                                        00000
308480012026040120260430202604153210001150002845135870202603000000002453770020320202604150                                                                                                                        00000
308480012026040120260430202604143210001150002295620595202603000000035001000023773202604140                                                                                                                        00000
308480012026040120260430202604273210001150002317642567202603000000035001000024605202604270                                                                                                                        00000
308480012026040120260430202604303210001150003132101325202603000000035001000023346202604300                                                                                                                        00000
308480012026040120260430202604243210001150003140590133202603000000055001000025907202604240                                                                                                                        00000
308480012026040120260430202604283210001150002862448771202603000000054356610030041202604280                                                                                                                        00000
308480012026040120260430190001013210001150002854865418202603000000000000000025379190001010Cuentas sin saldo entre 2026/04/01 y 2026/04/30                                                                         00000
308480012026040120260430202604283210001150002160219161202603000000035001000024987202604280                                                                                                                        00000
308480012026040120260430202604303210001150002159967907202603000000035001000024441202604300                                                                                                                        00000
308480012026040120260430202604103210001150002745791523202603000000035001000023353202604100                                                                                                                        00000
308480012026040120260430202604243210001150002871084199202603000000055001000025784202604240                                                                                                                        00000
308480012026040120260430202604213210001150002871051319202603000000035001000022952202604210                                                                                                                        00000
308480012026040120260430202604273210001150002879346248202603000000001447060020243202604270                                                                                                                        00000
308480012026040120260430202604283210001150002889630199202603000000035001000022083202604280                                                                                                                        00000
308480012026040120260430202604213210001150002896761303202603000000035001000021819202604210                                                                                                                        00000
308480012026040120260430202604233210001150002896786133202603000000035001000023575202604230                                                                                                                        00000
308480012026040120260430202604283210001150002896866084202603000000035001000024495202604280                                                                                                                        00000
308480012026040120260430202604243210001150002906536589202603000000035001000024822202604240                                                                                                                        00000
308480012026040120260430202604303210001150003270663907202603000000035001000022485202604300                                                                                                                        00000
308480012026040120260430202604233210001150003278361452202603000000035001000023133202604230                                                                                                                        00000
308480012026040120260430202604133210001150003283361870202603000000055001000026314202604130                                                                                                                        00000
308480012026040120260430202604303210001150002246458523202603000000035001000023869202604300                                                                                                                        00000
308480012026040120260430202604223210001150002294759319202603000000035001000023388202604220                                                                                                                        00000
308480012026040120260430190001013210001150002589097375202603000000000000000025384190001010Cuentas sin saldo entre 2026/04/01 y 2026/04/30                                                                         00000
308480012026040120260430202604283210001150002854786430202603000000035001000023757202604280                                                                                                                        00000
308480012026040120260430202604173210001150002870899567202603000000067084330024084202604170                                                                                                                        00000
308480012026040120260430202604293210001150002871022319202603000000035001000024321202604290                                                                                                                        00000
308480012026040120260430202604013210001150002320650210202603000000054209940028749202604010                                                                                                                        00000
308480012026040120260430202604013210001150002320952941202603000000035001000025053202604010                                                                                                                        00000
308480012026040120260430202604233210001150002327090963202603000000035001000024317202604230                                                                                                                        00000
308480012026040120260430202604233210001150002336720600202603000000035001000024751202604230                                                                                                                        00000
308480012026040120260430202604293210001150002339114644202603000000054193680030024202604290                                                                                                                        00000
308480012026040120260430202604203210001150002340768836202603000000035001000024428202604200                                                                                                                        00000
308480012026040120260430202604273210001150002347160864202603000000035001000022499202604270                                                                                                                        00000
308480012026040120260430202604223210001150002352178034202603000000035001000025471202604220                                                                                                                        00000
308480012026040120260430202604273210001150002932788600202603000000035001000024460202604270                                                                                                                        00000
308480012026040120260430202604303210001150002932803765202603000000055279170028680202604300                                                                                                                        00000
308480012026040120260430190001013210001150002932831793202603000000000000000029625190001010                                                                                                                        00000
308480012026040120260430202604013210001150002948289353202603000000055001000027512202604010                                                                                                                        00000
308480012026040120260430202604013210001150002959785006202603000000035001000025047202604010                                                                                                                        00000
308480012026040120260430202604283210001150002959862040202603000000035001000025318202604280                                                                                                                        00000
308480012026040120260430202604133210001150002962566737202603000000035001000023369202604130                                                                                                                        00000
308480012026040120260430202604273210001150002974787331202603000000035001000022075202604270                                                                                                                        00000
308480012026040120260430202604203210001150002988377232202603000000035001000023858202604200                                                                                                                        00000
308480012026040120260430202604103210001150002589165397202603000000035001000023440202604100                                                                                                                        00000
308480012026040120260430202604143210001150002590151303202603000000035001000023439202604140                                                                                                                        00000
308480012026040120260430202604133210001150002593318721202603000000055001000026448202604130                                                                                                                        00000
308480012026040120260430190001013210001150002613699638202603000000000000000023386190001010Cuentas sin saldo entre 2026/04/01 y 2026/04/30                                                                         00000
308480012026040120260430202604293210001150002133342090202603000000035001000022956202604290                                                                                                                        00000
308480012026040120260430202604013210001150002618157638202603000000035001000023397202604010                                                                                                                        00000
308480012026040120260430202604243210001150002642951709202603000000054422840029629202604240                                                                                                                        00000
308480012026040120260430202604163210001150002643043199202603000000064116870028980202604160                                                                                                                        00000
308480012026040120260430202604103210001150002664331907202603000000035001000023427202604100                                                                                                                        00000
308480012026040120260430202604153210001150002693071078202603000000035001000022844202604150                                                                                                                        00000
308480012026040120260430202604303210001150002692936424202603000000056736350029907202604300                                                                                                                        00000
308480012026040120260430202604273210001150002702295149202603000000035001000022912202604270                                                                                                                        00000
308480012026040120260430202604013210001150002131712028202603000000002749000020877202604010                                                                                                                        00000
308480012026040120260430202604283210001150002135245892202603000000035001000021816202604280                                                                                                                        00000
308480012026040120260430202604243210001150002148247539202603000000035001000023787202604240                                                                                                                        00000
308480012026040120260430190001013210001150002139655248202603000000000000000029693190001010Cuentas sin saldo entre 2026/04/01 y 2026/04/30                                                                         00000
308480012026040120260430190001013210001150002149952090202603000000000000000022972190001010La Cuenta No tiene Un estado Valido de Tipo de Bloqueo para la Transaccion                                              00000
308480012026040120260430202604013210001150002286001941202603000000035001000023625202604010                                                                                                                        00000
308480012026040120260430202604273210001150002290090397202603000000035001000022092202604270                                                                                                                        00000
308480012026040120260430202604243210001150003056188622202603000000055001000026361202604240                                                                                                                        00000
308480012026040120260430202604293210001150003066231787202603000000035001000025337202604290                                                                                                                        00000
308480012026040120260430202604273210001150002711684963202603000000035001000024083202604270                                                                                                                        00000
308480012026040120260430202604303210001150002711687870202603000000035001000022296202604300                                                                                                                        00000
308480012026040120260430202604013210001150003031735858202603000000035001000022240202604010                                                                                                                        00000
308480012026040120260430202604273210001150003025372858202603000000035001000023405202604270                                                                                                                        00000
308480012026040120260430202604163210001150002447797199202603000000055001000026236202604160                                                                                                                        00000
308480012026040120260430202604173210001150002448079551202603000000035001000025023202604170                                                                                                                        00000
308480012026040120260430202604273210001150003073377737202603000000055001000025751202604270                                                                                                                        00000
308480012026040120260430202604103210001150003077569183202603000000054205210029868202604100                                                                                                                        00000
308480012026040120260430202604303210001150003056081907202603000000035001000022408202604300                                                                                                                        00000
308480012026040120260430202604283210001150003066232759202603000000068346470029826202604280                                                                                                                        00000
308480012026040120260430202604303210001150003083694567202603000000035001000022338202604300                                                                                                                        00000
308480012026040120260430202604293210001150003086188539202603000000054290370029187202604290                                                                                                                        00000
308480012026040120260430202604293210001150003086219501202603000000054153170029249202604290                                                                                                                        00000
308480012026040120260430202604013210001150003128607282202603000000054616820028754202604010                                                                                                                        00000
308480012026040120260430202604013210001150003140591105202603000000035001000022310202604010                                                                                                                        00000
308480012026040120260430202604273210001150003143818496202603000000035001000024063202604270                                                                                                                        00000
308480012026040120260430202604143210001150002745826375202603000000035001000025192202604140                                                                                                                        00000
308480012026040120260430202604223210001150003143820721202603000000055001000026312202604220                                                                                                                        00000
308480012026040120260430202604233210001150002754577567202603000000035001000023620202604230                                                                                                                        00000
308480012026040120260430190001013210001150002260113402202603000000000000000021472190001010Cuentas sin saldo entre 2026/04/01 y 2026/04/30                                                                         00000
308480012026040120260430202604303210001150002263584759202603000000035001000022108202604300                                                                                                                        00000
308480012026040120260430202604303210001150002264456709202603000000035001000024071202604300                                                                                                                        00000
308480012026040120260430202604243210001150002267071842202603000000143872150029423202604240                                                                                                                        00000
308480012026040120260430202604303210001150002272434935202603000000054219410029206202604300                                                                                                                        00000
308480012026040120260430202604013210001150002275919183202603000000055001000025842202604010                                                                                                                        00000
308480012026040120260430202604013210001150002275919183202603000000054200480030061202604010                                                                                                                        00000
308480012026040120260430202604223210001150002283952501202603000000035001000023331202604220                                                                                                                        00000
308480012026040120260430202604233210001150002291054226202603000000035001000023716202604230                                                                                                                        00000
308480012026040120260430202604153210001150002448645282202603000000035001000023212202604150                                                                                                                        00000
308480012026040120260430202604273210001150002589067402202603000000035001000000013202604270                                                                                                                        00000
308480012026040120260430202604223210001150002364561765202603000000035001000023320202604220                                                                                                                        00000
308480012026040120260430202604293210001150002375475589202603000000035001000022414202604290                                                                                                                        00000
308480012026040120260430202604243210001150002399121545202603000000035001000025054202604240                                                                                                                        00000
308480012026040120260430202604143210001150002400228331202603000000035001000025504202604140                                                                                                                        00000
308480012026040120260430202604283210001150002416850551202603000000085001000028278202604280                                                                                                                        00000
308480012026040120260430202604303210001150002438290694202603000000035001000023412202604300                                                                                                                        00000
308480012026040120260430202604153210001150002448165616202603000000035001000024598202604150                                                                                                                        00000
308480012026040120260430202604133210001150002448131765202603000000035001000023710202604130                                                                                                                        00000
308480012026040120260430190001013210001150002448509276202603000000000000000023354190001010Cuentas sin saldo entre 2026/04/01 y 2026/04/30                                                                         00000
308480012026040120260430202604143210001150002448632381202603000000035001000023749202604140                                                                                                                        00000
308480012026040120260430202604303210001150003050832907202603000000085001000028421202604300                                                                                                                        00000
308480012026040120260430202604273210001150002294671600202603000000035001000022539202604270                                                                                                                        00000
308480012026040120260430202604013210001150002357911298202603000000035001000023300202604010                                                                                                                        00000
308480012026040120260430202604283210001150002469433347202603000000003078000021534202604280                                                                                                                        00000
308480012026040120260430190001013210001150002501794935202603000000000000000022519190001010Cuentas sin saldo entre 2026/04/01 y 2026/04/30                                                                         00000
308480012026040120260430202604203210001150002529308402202603000000054238330028745202604200                                                                                                                        00000
308480012026040120260430202604243210001150002542420127202603000000035001000022036202604240                                                                                                                        00000
308480012026040120260430202604303210001150002548323567202603000000035001000023356202604300                                                                                                                        00000
308480012026040120260430202604273210001150002560062424202603000000055001000026354202604270                                                                                                                        00000
308480012026040120260430202604243210001150002571347963202603000000035001000023399202604240                                                                                                                        00000
308480012026040120260430202604213210001150002571368913202603000000035001000022403202604210                                                                                                                        00000
308480012026040120260430202604283210001150002738391567202603000000035001000023843202604280                                                                                                                        00000
308480012026040120260430202604293210001150002988493260202603000000035001000024393202604290                                                                                                                        00000
308480012026040120260430202604153210001150002994406595202603000000055001000025876202604150                                                                                                                        00000
308480012026040120260430202604243210001150002994473616202603000000055001000025775202604240                                                                                                                        00000
308480012026040120260430202604293210001150003005400979202603000000035001000024538202604290                                                                                                                        00000
308480012026040120260430202604173210001150003025348709202603000000054219410028879202604170                                                                                                                        00000
308480012026040120260430202604143210001150003031753892202603000000085001000027855202604140                                                                                                                        00000
308480012026040120260430202604133210001150003035653600202603000000035001000025235202604130                                                                                                                        00000
308480012026040120260430202604303210001150003035665539202603000000035001000022540202604300                                                                                                                        00000
308480012026040120260430190001013210001150003042610979202603000000000000000025708190001010La Cuenta No tiene Un estado Valido de Tipo de Bloqueo para la Transaccion                                              00000
308480012026040120260430202604173210001150003725281870202603000000055001000026363202604170                                                                                                                        00000
308480012026040120260430202604103210001150003725278672202603000000070001000022434202604100                                                                                                                        00000
308480012026040120260430202604303210001150002702369985202603000000035001000022541202604300                                                                                                                        00000
308480012026040120260430202604153210001150002710932957202603000000035001000025540202604150                                                                                                                        00000
308480012026040120260430202604243210001150002718560545202603000000035001000025203202604240                                                                                                                        00000
308480012026040120260430202604243210001150002718602474202603000000054508000028908202604240                                                                                                                        00000
308480012026040120260430202604143210001150002718626331202603000000035001000023701202604140                                                                                                                        00000
308480012026040120260430202604303210001150002732277012202603000000035001000023580202604300                                                                                                                        00000
308480012026040120260430202604203210001150002732443028202603000000035001000021818202604200                                                                                                                        00000
308480012026040120260430202604163210001150002738350638202603000000035001000022387202604160                                                                                                                        00000
308480012026040120260430202604303210001150002732469820202603000000035001000025223202604300                                                                                                                        00000
308480012026040120260430202604283210001150002158395446202603000000003001030020410202604280                                                                                                                        00000
308480012026040120260430202604243210001150002175591638202603000000055001000026572202604240                                                                                                                        00000
308480012026040120260430190001013210001150002161388963202603000000000000000021619190001010Cuentas sin saldo entre 2026/04/01 y 2026/04/30                                                                         00000
308480012026040120260430202604133210001150002179539090202603000000035001000024476202604130                                                                                                                        00000
308480012026040120260430202604173210001150002179796985202603000000035001000023417202604170                                                                                                                        00000
308480012026040120260430202604243210001150002240892929202603000000054082200029631202604240                                                                                                                        00000
308480012026040120260430202604273210001150003554124935202603000000048496850027698202604270                                                                                                                        00000
308480012026040120260430202604013210001150003607184743202603000000054902000029708202604010                                                                                                                        00000
308480012026040120260430202604303210001150003610786864202603000000035001000024288202604300                                                                                                                        00000
308480012026040120260430202604213210001150003651002347202603000000049519520000075202604210                                                                                                                        00000
308480012026040120260430202604243210001150003693500759202603000000108693300029635202604240                                                                                                                        00000
308480012026040120260430202604163210001150002762262084202603000000035001000024717202604160                                                                                                                        00000
308480012026040120260430202604153210001150002771010397202603000000035001000023216202604150                                                                                                                        00000
308480012026040120260430202604283210001150002770996595202603000000054105860029485202604280                                                                                                                        00000
308480012026040120260430202604293210001150002787421501202603000000054101130028703202604290                                                                                                                        00000
308480012026040120260430202604173210001150002799133430202603000000001604710020856202604170                                                                                                                        00000
308480012026040120260430202604163210001150002831761935202603000000001640010020295202604160                                                                                                                        00000
308480012026040120260430202604223210001150002831906709202603000000035001000024406202604220                                                                                                                        00000
308480012026040120260430190001013210001150002838408369202603000000000000000029165190001010El tipo de cuenta no se encuentra permitido.                                                                            00000
308480012026040120260430202604283210001150002916238709202603000000055001000025922202604280                                                                                                                        00000
308480012026040120260430202604173210001150002916091991202603000000035001000024314202604170                                                                                                                        00000
308480012026040120260430202604233210001150002137423650202603000000035001000023704202604230                                                                                                                        00000
308480012026040120260430202604013210001150002139165589202603000000054280910029030202604010                                                                                                                        00000
308480012026040120260430202604273210001150003286546331202603000000035001000022423202604270                                                                                                                        00000
308480012026040120260430202604133210001150003283361870202603000000055001000027432202604130                                                                                                                        00000
308480012026040120260430202604223210001150002327084858202603000000001603580021336202604220                                                                                                                        00000
308480012026040120260430202604293210001150002337824325202603000000035001000024777202604290                                                                                                                        00000
308480012026040120260430202604273210001150002974929199202603000000144179770029147202604270                                                                                                                        00000
308480012026040120260430202604173210001150002974958199202603000000054011240028660202604170                                                                                                                        00000
308480012026040120260430202604133210001150002591842709202603000000035001000023148202604130                                                                                                                        00000
308480012026040120260430202604103210001150002469357276202603000000066075540029888202604100                                                                                                                        00000
308480012026040120260430202604173210001150002469431402202603000000035001000025476202604170                                                                                                                        00000
308480012026040120260430202604273210001150002762224062202603000000035001000025346202604270                                                                                                                        00000
308480012026040120260430202604103210001150002754628517202603000000035001000025050202604100                                                                                                                        00000
308480012026040120260430202604173210001150002884611638202603000000054280910029192202604170                                                                                                                        00000
308480012026040120260430202604163210001150002884700600202603000000035001000025508202604160                                                                                                                        00000
308480012026040120260430202604133210001150002889713056202603000000035001000025273202604130                                                                                                                        00000
308480012026040120260430202604293210001150002896795155202603000000035001000025357202604290                                                                                                                        00000
308480012026040120260430202604143210001150002906448589202603000000035001000025340202604140                                                                                                                        00000
308480012026040120260430190001013210001150002906422787202603000000000000000026046190001010                                                                                                                        00000
308480012026040120260430202604243210001150003266177616202603000000035001000023385202604240                                                                                                                        00000
308480012026040120260430202604243210001150003278367276202603000000054626280030047202604240                                                                                                                        00000
308480012026040120260430202604303210001150003316805397202603000000035001000000047202604300                                                                                                                        00000
308480012026040120260430202604243210001150003358367325202603000000035001000023760202604240                                                                                                                        00000
308480012026040120260430190001013210001150003367096595202603000000000000000025330190001010Cuentas sin saldo entre 2026/04/01 y 2026/04/30                                                                         00000
308480012026040120260430202604153210001150003541539793202603000000055001000026598202604150                                                                                                                        00000
308480012026040120260430202604153210001150002906621672202603000000035001000024592202604150                                                                                                                        00000
308480012026040120260430202604153210001150002320617040202603000000035001000023337202604150                                                                                                                        00000
308480012026040120260430202604273210001150002327398517202603000000035001000025383202604270                                                                                                                        00000
308480012026040120260430202604173210001150002330189232202603000000055001000026603202604170                                                                                                                        00000
308480012026040120260430202604273210001150002342268006202603000000035001000025352202604270                                                                                                                        00000
308480012026040120260430202604223210001150002351961787202603000000030001000029665202604220                                                                                                                        00000
308480012026040120260430202604243210001150002351691963202603000000055001000025966202604240                                                                                                                        00000
308480012026040120260430202604233210001150002932984589202603000000055001000027287202604230                                                                                                                        00000
308480012026040120260430202604293210001150002932912715202603000000035001000023336202604290                                                                                                                        00000
308480012026040120260430202604103210001150002962598644202603000000035001000023691202604100                                                                                                                        00000
308480012026040120260430202604283210001150002969500347202603000000035001000022193202604280                                                                                                                        00000
308480012026040120260430202604273210001150002988381402202603000000035001000024535202604270                                                                                                                        00000
308480012026040120260430202604133210001150002597680325202603000000035001000021739202604130                                                                                                                        00000
308480012026040120260430190001013210001150002597616210202603000000000000000023659190001010Cuentas sin saldo entre 2026/04/01 y 2026/04/30                                                                         00000
308480012026040120260430202604103210001150002615321979202603000000035001000023347202604100                                                                                                                        00000
308480012026040120260430202604223210001150002149957941202603000000035001000023606202604220                                                                                                                        00000
308480012026040120260430190001013210001150002151771935202603000000000000000023941190001010La Cuenta No tiene Un estado Valido de Tipo de Bloqueo para la Transaccion                                              00000
308480012026040120260430202604283210001150002180692957202603000000054474890028724202604280                                                                                                                        00000
308480012026040120260430202604283210001150003143825573202603000000035001000024503202604280                                                                                                                        00000
308480012026040120260430202604153210001150003544338694202603000000054157900028690202604150                                                                                                                        00000
308480012026040120260430202604143210001150002845162935202603000000055001000027372202604140                                                                                                                        00000
308480012026040120260430202604203210001150003146659298202603000000035001000025498202604200                                                                                                                        00000
308480012026040120260430202604273210001150002879343331202603000000055001000026072202604270                                                                                                                        00000
308480012026040120260430202604223210001150002664338694202603000000035001000022366202604220                                                                                                                        00000
308480012026040120260430202604153210001150002680542028202603000000054209940028969202604150                                                                                                                        00000
308480012026040120260430202604243210001150002270928650202603000000035001000023314202604240                                                                                                                        00000
308480012026040120260430190001013210001150002267508353202603000000000000000022500190001010La Cuenta No tiene Un estado Valido de Tipo de Bloqueo para la Transaccion                                              00000
308480012026040120260430202604203210001150002303053331202603000000055001000026609202604200                                                                                                                        00000
308480012026040120260430202604103210001150002317054913202603000000035001000000062202604100                                                                                                                        00000
308480012026040120260430202604303210001150002732291177202603000000035001000022086202604300                                                                                                                        00000
308480012026040120260430202604283210001150002732428892202603000000035001000024329202604280                                                                                                                        00000
308480012026040120260430202604243210001150002254854517202603000000035001000023438202604240                                                                                                                        00000
308480012026040120260430202604243210001150002258133694202603000000054243060029599202604240                                                                                                                        00000
308480012026040120260430202604013210001150002529271616202603000000054384990028750202604010                                                                                                                        00000
308480012026040120260430202604293210001150003590710886202603000000035001000023028202604290                                                                                                                        00000
308480012026040120260430202604283210001150003610788808202603000000055001000000109202604280                                                                                                                        00000
308480012026040120260430202604143210001150003686332567202603000000055001000000106202604140                                                                                                                        00000
308480012026040120260430202604143210001150003686344496202603000000055001000027458202604140                                                                                                                        00000
308480012026040120260430202604223210001150003725266743202603000000035001000024400202604220                                                                                                                        00000
308480012026040120260430190001013210001150002462112232202603000000000000000023888190001010Cuentas sin saldo entre 2026/04/01 y 2026/04/30                                                                         00000
308480012026040120260430202604293210001150002988410430202603000000035001000022981202604290                                                                                                                        00000
308480012026040120260430190001013210001150002710898787202603000000000000000022392190001010Cuentas sin saldo entre 2026/04/01 y 2026/04/30                                                                         00000
308480012026040120260430202604273210001150002732260232202603000000001849000021451202604270                                                                                                                        00000
308480012026040120260430190001013210001150002732256062202603000000000000000028752190001010La Cuenta No tiene Un estado Valido de Tipo de Bloqueo para la Transaccion                                              00000
308480012026040120260430202604293210001150002732452040202603000000035001000024421202604290                                                                                                                        00000
308480012026040120260430202604273210001150002738384480202603000000035001000024968202604270                                                                                                                        00000
308480012026040120260430202604103210001150002738509276202603000000085001000027886202604100                                                                                                                        00000
308480012026040120260430202604223210001150002745710638202603000000035001000024785202604220                                                                                                                        00000
308480012026040120260430202604273210001150003008236638202603000000055001000026587202604270                                                                                                                        00000
308480012026040120260430202604273210001150003013418870202603000000144045190029099202604270                                                                                                                        00000
308480012026040120260430202604273210001150003035673589202603000000035001000024097202604270                                                                                                                        00000
308480012026040120260430202604303210001150003039520430202603000000001607450021236202604300                                                                                                                        00000
308480012026040120260430202604013210001150002501278183202603000000035001000023936202604010                                                                                                                        00000
308480012026040120260430202604213210001150002501292347202603000000035001000022099202604210                                                                                                                        00000
308480012026040120260430190001013210001150002542439842202603000000000000000023414190001010Cuentas sin saldo entre 2026/04/01 y 2026/04/30                                                                         00000
308480012026040120260430202604103210001150002553532864202603000000035001000025224202604100                                                                                                                        00000
308480012026040120260430202604273210001150002560022468202603000000055001000027228202604270                                                                                                                        00000
308480012026040120260430202604283210001150002564995319202603000000035001000023431202604280                                                                                                                        00000
308480012026040120260430202604143210001150002572280111202603000000035001000023720202604140                                                                                                                        00000
308480012026040120260430202604203210001150002373439688202603000000035001000023634202604200                                                                                                                        00000
308480012026040120260430202604243210001150002373981523202603000000025364430028733202604240                                                                                                                        00000
308480012026040120260430202604283210001150002399004545202603000000035001000023593202604280                                                                                                                        00000
308480012026040120260430202604013210001150002405419721202603000000035001000023394202604010                                                                                                                        00000
308480012026040120260430202604163210001150002424784622202603000000035001000024986202604160                                                                                                                        00000
308480012026040120260430202604233210001150002430794941202603000000035001000023750202604230                                                                                                                        00000
308480012026040120260430202604153210001150002448573381202603000000035001000022968202604150                                                                                                                        00000
308480012026040120260430202604153210001150002448575325202603000000035001000023699202604150                                                                                                                        00000
308480012026040120260430202604013210001150002264458644202603000000035001000022229202604010                                                                                                                        00000
308480012026040120260430190001013210001150002293474743202603000000000000000023329190001010Cuentas sin saldo entre 2026/04/01 y 2026/04/30                                                                         00000
308480012026040120260430202604273210001150003106267743202603000000035001000023381202604270                                                                                                                        00000
308480012026040120260430202604103210001150003128588248202603000000035001000022347202604100                                                                                                                        00000
308480012026040120260430202604163210001150002770952759202603000000035001000023846202604160                                                                                                                        00000
308480012026040120260430202604243210001150002787415397202603000000055001000026328202604240                                                                                                                        00000
308480012026040120260430202604243210001150002787436347202603000000054176830028667202604240                                                                                                                        00000
308480012026040120260430202604273210001150002799032539202603000000035001000025517202604270                                                                                                                        00000
308480012026040120260430202604303210001150002845121006202603000000035001000022213202604300                                                                                                                        00000
308480012026040120260430202604143210001150002260566985202603000000035001000022455202604140                                                                                                                        00000
308480012026040120260430202604013210001150002275919183202603000000035001000023647202604010                                                                                                                        00000
